#! FIELDS cmap hh dhh_cmap
#! SET normalisation  99999.000000
#! SET min_cmap 0
#! SET max_cmap 1
#! SET nbins_cmap  200
#! SET periodic_cmap false
 0.000000 0.000000 0.000000
 0.005000 0.000000 0.000000
 0.010000 0.000000 0.000000
 0.015000 0.000000 0.000000
 0.020000 0.000000 0.000000
 0.025000 0.000000 0.000000
 0.030000 0.000000 0.000000
 0.035000 0.000000 0.000000
 0.040000 0.000000 0.000000
 0.045000 0.000000 0.000000
 0.050000 0.000000 0.000000
 0.055000 0.000000 0.000000
 0.060000 0.000000 0.000000
 0.065000 0.000000 0.000000
 0.070000 0.000000 0.000000
 0.075000 0.000000 0.000000
 0.080000 0.000000 0.000000
 0.085000 0.000000 0.000000
 0.090000 0.000000 0.000000
 0.095000 0.000000 0.000000
 0.100000 0.000000 0.000000
 0.105000 0.000000 0.000000
 0.110000 0.000000 0.000000
 0.115000 0.000000 0.000000
 0.120000 0.000000 0.000000
 0.125000 0.000000 0.000000
 0.130000 0.000000 0.000000
 0.135000 0.000000 0.000000
 0.140000 0.000000 0.000000
 0.145000 0.000000 0.000000
 0.150000 0.000000 0.000000
 0.155000 0.000000 0.000000
 0.160000 0.000000 0.000000
 0.165000 0.000000 0.000000
 0.170000 0.000000 0.000000
 0.175000 0.000000 0.000000
 0.180000 0.000000 0.000000
 0.185000 0.000000 0.000000
 0.190000 0.000000 0.000000
 0.195000 0.000000 0.000000
 0.200000 0.000000 0.000000
 0.205000 0.000000 0.000000
 0.210000 0.000000 0.000000
 0.215000 0.000000 0.000000
 0.220000 0.000000 0.000000
 0.225000 0.000000 0.000000
 0.230000 0.000000 0.000000
 0.235000 0.000000 0.000000
 0.240000 0.000000 0.000000
 0.245000 0.000000 0.000000
 0.250000 0.000000 0.000000
 0.255000 0.000000 0.000000
 0.260000 0.000000 0.000000
 0.265000 0.000000 0.000000
 0.270000 0.000000 0.000000
 0.275000 0.000000 0.000000
 0.280000 0.000000 0.000000
 0.285000 0.000000 0.000000
 0.290000 0.000000 0.000000
 0.295000 0.000000 0.000000
 0.300000 0.000000 0.000000
 0.305000 0.000000 0.000000
 0.310000 0.000000 0.000000
 0.315000 0.000000 0.000000
 0.320000 0.000000 0.000000
 0.325000 0.000000 0.000000
 0.330000 0.000000 0.000000
 0.335000 0.000000 0.000000
 0.340000 0.000000 0.000000
 0.345000 0.000000 0.000000
 0.350000 0.000000 0.000000
 0.355000 0.000000 0.000000
 0.360000 0.000000 0.000000
 0.365000 0.000000 0.000000
 0.370000 0.000000 0.000000
 0.375000 0.000000 0.000000
 0.380000 0.000000 0.000000
 0.385000 0.000000 0.000000
 0.390000 0.000000 0.000000
 0.395000 0.000000 0.000000
 0.400000 0.000000 0.000000
 0.405000 0.000000 0.000000
 0.410000 0.000000 0.000000
 0.415000 0.000000 0.000000
 0.420000 0.000000 0.000000
 0.425000 0.000000 0.000000
 0.430000 0.000000 0.000000
 0.435000 0.000000 0.000000
 0.440000 0.000000 0.000000
 0.445000 0.000000 0.000000
 0.450000 0.000000 0.000000
 0.455000 0.000000 0.000000
 0.460000 0.000000 0.000007
 0.465000 0.000000 0.000010
 0.470000 0.000000 0.000014
 0.475000 0.000000 0.000019
 0.480000 0.000000 0.000026
 0.485000 0.000001 0.000034
 0.490000 0.000001 0.000053
 0.495000 0.000001 0.000070
 0.500000 0.000002 0.000091
 0.505000 0.000002 0.000118
 0.510000 0.000003 0.000151
 0.515000 0.000004 0.000191
 0.520000 0.000005 0.000239
 0.525000 0.000006 0.000296
 0.530000 0.000008 0.000362
 0.535000 0.000010 0.000438
 0.540000 0.000012 0.000524
 0.545000 0.000015 0.000621
 0.550000 0.000018 0.000726
 0.555000 0.000022 0.000840
 0.560000 0.000027 0.000961
 0.565000 0.000032 0.001085
 0.570000 0.000038 0.001211
 0.575000 0.000044 0.001348
 0.580000 0.000051 0.001479
 0.585000 0.000059 0.001596
 0.590000 0.000067 0.001700
 0.595000 0.000076 0.001811
 0.600000 0.000086 0.001925
 0.605000 0.000096 0.002006
 0.610000 0.000107 0.002112
 0.615000 0.000118 0.002184
 0.620000 0.000129 0.002281
 0.625000 0.000141 0.002375
 0.630000 0.000153 0.002494
 0.635000 0.000167 0.002674
 0.640000 0.000181 0.002916
 0.645000 0.000197 0.003228
 0.650000 0.000214 0.003642
 0.655000 0.000234 0.004199
 0.660000 0.000257 0.004917
 0.665000 0.000284 0.005840
 0.670000 0.000317 0.006974
 0.675000 0.000356 0.008373
 0.680000 0.000403 0.010046
 0.685000 0.000458 0.011978
 0.690000 0.000524 0.014218
 0.695000 0.000603 0.016800
 0.700000 0.000695 0.019691
 0.705000 0.000802 0.022904
 0.710000 0.000927 0.026518
 0.715000 0.001072 0.030448
 0.720000 0.001236 0.034667
 0.725000 0.001424 0.039315
 0.730000 0.001636 0.044326
 0.735000 0.001875 0.049781
 0.740000 0.002147 0.055932
 0.745000 0.002452 0.062712
 0.750000 0.002793 0.070148
 0.755000 0.003184 0.079253
 0.760000 0.003630 0.090128
 0.765000 0.004133 0.102650
 0.770000 0.004715 0.118259
 0.775000 0.005387 0.137259
 0.780000 0.006197 0.162593
 0.785000 0.007186 0.196672
 0.790000 0.008365 0.238981
 0.795000 0.010292 0.328868
 0.800000 0.012476 0.427534
 0.805000 0.015201 0.552517
 0.810000 0.019080 0.744468
 0.815000 0.029732 1.412003
 0.820000 0.037816 1.839593
 0.825000 0.048332 2.389549
 0.830000 0.061963 3.090773
 0.835000 0.079547 3.976688
 0.840000 0.102100 5.085094
 0.845000 0.130838 6.457745
 0.850000 0.167193 8.139497
 0.855000 0.212826 10.176958
 0.860000 0.269633 12.616524
 0.865000 0.339734 15.501869
 0.870000 0.425458 18.870716
 0.875000 0.529295 22.751069
 0.880000 0.653845 27.156951
 0.885000 0.801734 32.083849
 0.890000 0.975508 37.504122
 0.895000 1.177508 43.362712
 0.900000 1.409724 49.573542
 0.905000 1.673633 56.017049
 0.910000 1.970027 62.539285
 0.915000 2.298846 68.952993
 0.920000 2.659016 75.040982
 0.925000 3.048312 80.561999
 0.930000 3.463263 85.259134
 0.935000 3.899093 88.870564
 0.940000 4.349734 91.142253
 0.945000 4.807894 91.841906
 0.950000 5.265204 90.773548
 0.955000 5.712436 87.791521
 0.960000 6.139787 82.812997
 0.965000 6.537216 75.827864
 0.970000 6.894831 66.905143
 0.975000 7.203284 56.195344
 0.980000 7.454183 43.927638
 0.985000 7.640461 30.402825
 0.990000 7.756713 15.981165
 0.995000 7.799450 1.066691
 1.000000 7.767273 -13.911634
