#! FIELDS cmap hh dhh_cmap
#! SET normalisation  99999.000000
#! SET min_cmap 0
#! SET max_cmap 1
#! SET nbins_cmap  200
#! SET periodic_cmap false
 0.000000 0.000000 0.000000
 0.005000 0.000000 0.000000
 0.010000 0.000000 0.000000
 0.015000 0.000000 0.000000
 0.020000 0.000000 0.000000
 0.025000 0.000000 0.000000
 0.030000 0.000000 0.000000
 0.035000 0.000000 0.000000
 0.040000 0.000000 0.000000
 0.045000 0.000000 0.000000
 0.050000 0.000000 0.000000
 0.055000 0.000000 0.000000
 0.060000 0.000000 0.000000
 0.065000 0.000000 0.000000
 0.070000 0.000000 0.000000
 0.075000 0.000000 0.000000
 0.080000 0.000000 0.000000
 0.085000 0.000000 0.000000
 0.090000 0.000000 0.000000
 0.095000 0.000000 0.000000
 0.100000 0.000000 0.000000
 0.105000 0.000000 0.000000
 0.110000 0.000000 0.000000
 0.115000 0.000000 0.000000
 0.120000 0.000000 0.000000
 0.125000 0.000000 0.000000
 0.130000 0.000000 0.000000
 0.135000 0.000000 0.000000
 0.140000 0.000000 0.000000
 0.145000 0.000000 0.000000
 0.150000 0.000000 0.000000
 0.155000 0.000000 0.000000
 0.160000 0.000000 0.000000
 0.165000 0.000000 0.000000
 0.170000 0.000000 0.000000
 0.175000 0.000000 0.000000
 0.180000 0.000000 0.000000
 0.185000 0.000000 0.000000
 0.190000 0.000000 0.000000
 0.195000 0.000000 0.000000
 0.200000 0.000000 0.000000
 0.205000 0.000000 0.000000
 0.210000 0.000000 0.000000
 0.215000 0.000000 0.000000
 0.220000 0.000000 0.000000
 0.225000 0.000000 0.000000
 0.230000 0.000000 0.000000
 0.235000 0.000000 0.000000
 0.240000 0.000000 0.000000
 0.245000 0.000000 0.000000
 0.250000 0.000000 0.000000
 0.255000 0.000000 0.000000
 0.260000 0.000000 0.000000
 0.265000 0.000000 0.000000
 0.270000 0.000000 0.000000
 0.275000 0.000000 0.000000
 0.280000 0.000000 0.000000
 0.285000 0.000000 0.000000
 0.290000 0.000000 0.000000
 0.295000 0.000000 0.000000
 0.300000 0.000000 0.000000
 0.305000 0.000000 0.000000
 0.310000 0.000000 0.000000
 0.315000 0.000000 0.000000
 0.320000 0.000000 0.000000
 0.325000 0.000000 0.000000
 0.330000 0.000000 0.000000
 0.335000 0.000000 0.000000
 0.340000 0.000000 0.000000
 0.345000 0.000000 0.000000
 0.350000 0.000000 0.000000
 0.355000 0.000000 0.000000
 0.360000 0.000000 0.000000
 0.365000 0.000000 0.000000
 0.370000 0.000000 0.000000
 0.375000 0.000000 0.000000
 0.380000 0.000000 0.000000
 0.385000 0.000000 0.000000
 0.390000 0.000000 0.000000
 0.395000 0.000000 0.000000
 0.400000 0.000000 0.000000
 0.405000 0.000000 0.000006
 0.410000 0.000000 0.000009
 0.415000 0.000000 0.000012
 0.420000 0.000000 0.000017
 0.425000 0.000000 0.000023
 0.430000 0.000000 0.000031
 0.435000 0.000001 0.000041
 0.440000 0.000001 0.000053
 0.445000 0.000001 0.000069
 0.450000 0.000002 0.000089
 0.455000 0.000002 0.000113
 0.460000 0.000003 0.000142
 0.465000 0.000004 0.000176
 0.470000 0.000004 0.000216
 0.475000 0.000006 0.000262
 0.480000 0.000007 0.000313
 0.485000 0.000009 0.000371
 0.490000 0.000011 0.000433
 0.495000 0.000013 0.000500
 0.500000 0.000016 0.000578
 0.505000 0.000019 0.000653
 0.510000 0.000022 0.000727
 0.515000 0.000026 0.000800
 0.520000 0.000030 0.000869
 0.525000 0.000035 0.000931
 0.530000 0.000040 0.000984
 0.535000 0.000045 0.001025
 0.540000 0.000050 0.001054
 0.545000 0.000055 0.001073
 0.550000 0.000061 0.001072
 0.555000 0.000066 0.001056
 0.560000 0.000071 0.001024
 0.565000 0.000076 0.000979
 0.570000 0.000081 0.000923
 0.575000 0.000086 0.000866
 0.580000 0.000090 0.000806
 0.585000 0.000094 0.000741
 0.590000 0.000098 0.000697
 0.595000 0.000101 0.000652
 0.600000 0.000104 0.000639
 0.605000 0.000108 0.000641
 0.610000 0.000111 0.000663
 0.615000 0.000115 0.000746
 0.620000 0.000119 0.000863
 0.625000 0.000124 0.001026
 0.630000 0.000130 0.001247
 0.635000 0.000137 0.001541
 0.640000 0.000146 0.001891
 0.645000 0.000157 0.002318
 0.650000 0.000171 0.002868
 0.655000 0.000187 0.003504
 0.660000 0.000207 0.004282
 0.665000 0.000231 0.005183
 0.670000 0.000261 0.006276
 0.675000 0.000295 0.007489
 0.680000 0.000337 0.008951
 0.685000 0.000387 0.010683
 0.690000 0.000446 0.012655
 0.695000 0.000515 0.014897
 0.700000 0.000598 0.017512
 0.705000 0.000694 0.020484
 0.710000 0.000805 0.023783
 0.715000 0.000935 0.027552
 0.720000 0.001085 0.031778
 0.725000 0.001258 0.036546
 0.730000 0.001459 0.041964
 0.735000 0.001687 0.047892
 0.740000 0.001949 0.054567
 0.745000 0.002246 0.061983
 0.750000 0.002585 0.070360
 0.755000 0.002977 0.080275
 0.760000 0.003430 0.092136
 0.765000 0.003947 0.105792
 0.770000 0.004547 0.122294
 0.775000 0.005241 0.141989
 0.780000 0.006077 0.167870
 0.785000 0.007089 0.201709
 0.790000 0.008292 0.243590
 0.795000 0.010265 0.334253
 0.800000 0.012474 0.431891
 0.805000 0.015219 0.555530
 0.810000 0.019096 0.744588
 0.815000 0.029745 1.409639
 0.820000 0.037809 1.834210
 0.825000 0.048290 2.380860
 0.830000 0.061869 3.078663
 0.835000 0.079384 3.961214
 0.840000 0.101852 5.066527
 0.845000 0.130491 6.436583
 0.850000 0.166735 8.116477
 0.855000 0.212250 10.153040
 0.860000 0.268937 12.592895
 0.865000 0.338924 15.479888
 0.870000 0.424545 18.851848
 0.875000 0.528299 22.736842
 0.880000 0.652793 27.148866
 0.885000 0.800659 32.083287
 0.890000 0.974451 37.512253
 0.895000 1.176516 43.380396
 0.900000 1.408845 49.601246
 0.905000 1.672918 56.054777
 0.910000 1.969525 62.586537
 0.915000 2.298602 69.008715
 0.920000 2.659068 75.103609
 0.925000 3.048691 80.629494
 0.930000 3.463986 85.329065
 0.935000 3.900167 88.940215
 0.940000 4.351149 91.208760
 0.945000 4.809627 91.902437
 0.950000 5.267219 90.825430
 0.955000 5.714685 87.832428
 0.960000 6.142209 82.841018
 0.965000 6.539744 75.841717
 0.970000 6.897391 66.904241
 0.975000 7.205803 56.179713
 0.980000 7.456588 43.898116
 0.985000 7.642687 30.360775
 0.990000 7.758701 15.928539
 0.995000 7.801153 1.005857
 1.000000 7.768656 -13.978054
