#! FIELDS cmap hh dhh_cmap
#! SET normalisation  99999.000000
#! SET min_cmap 0
#! SET max_cmap 1
#! SET nbins_cmap  200
#! SET periodic_cmap false
 0.000000 0.000000 0.000000
 0.005000 0.000000 0.000000
 0.010000 0.000000 0.000000
 0.015000 0.000000 0.000000
 0.020000 0.000000 0.000000
 0.025000 0.000000 0.000000
 0.030000 0.000000 0.000000
 0.035000 0.000000 0.000000
 0.040000 0.000000 0.000000
 0.045000 0.000000 0.000000
 0.050000 0.000000 0.000000
 0.055000 0.000000 0.000000
 0.060000 0.000000 0.000000
 0.065000 0.000000 0.000000
 0.070000 0.000000 0.000000
 0.075000 0.000000 0.000000
 0.080000 0.000000 0.000000
 0.085000 0.000000 0.000000
 0.090000 0.000000 0.000000
 0.095000 0.000000 0.000000
 0.100000 0.000000 0.000000
 0.105000 0.000000 0.000000
 0.110000 0.000000 0.000000
 0.115000 0.000000 0.000000
 0.120000 0.000000 0.000000
 0.125000 0.000000 0.000000
 0.130000 0.000000 0.000000
 0.135000 0.000000 0.000000
 0.140000 0.000000 0.000000
 0.145000 0.000000 0.000000
 0.150000 0.000000 0.000000
 0.155000 0.000000 0.000000
 0.160000 0.000000 0.000000
 0.165000 0.000000 0.000000
 0.170000 0.000000 0.000000
 0.175000 0.000000 0.000000
 0.180000 0.000000 0.000000
 0.185000 0.000000 0.000000
 0.190000 0.000000 0.000000
 0.195000 0.000000 0.000000
 0.200000 0.000000 0.000000
 0.205000 0.000000 0.000000
 0.210000 0.000000 0.000000
 0.215000 0.000000 0.000000
 0.220000 0.000000 0.000000
 0.225000 0.000000 0.000000
 0.230000 0.000000 0.000000
 0.235000 0.000000 0.000000
 0.240000 0.000000 0.000000
 0.245000 0.000000 0.000000
 0.250000 0.000000 0.000000
 0.255000 0.000000 0.000000
 0.260000 0.000000 0.000000
 0.265000 0.000000 0.000000
 0.270000 0.000000 0.000000
 0.275000 0.000000 0.000000
 0.280000 0.000000 0.000000
 0.285000 0.000000 0.000000
 0.290000 0.000000 0.000000
 0.295000 0.000000 0.000000
 0.300000 0.000000 0.000000
 0.305000 0.000000 0.000000
 0.310000 0.000000 0.000000
 0.315000 0.000000 0.000000
 0.320000 0.000000 0.000000
 0.325000 0.000000 0.000000
 0.330000 0.000000 0.000000
 0.335000 0.000000 0.000000
 0.340000 0.000000 0.000000
 0.345000 0.000000 0.000000
 0.350000 0.000000 0.000000
 0.355000 0.000000 0.000000
 0.360000 0.000000 0.000000
 0.365000 0.000000 0.000000
 0.370000 0.000000 0.000000
 0.375000 0.000000 0.000000
 0.380000 0.000000 0.000000
 0.385000 0.000000 0.000000
 0.390000 0.000000 0.000000
 0.395000 0.000000 0.000000
 0.400000 0.000000 0.000000
 0.405000 0.000000 0.000000
 0.410000 0.000000 0.000000
 0.415000 0.000000 0.000000
 0.420000 0.000000 0.000000
 0.425000 0.000000 0.000000
 0.430000 0.000000 0.000000
 0.435000 0.000000 0.000000
 0.440000 0.000000 0.000000
 0.445000 0.000000 0.000000
 0.450000 0.000000 0.000000
 0.455000 0.000000 0.000000
 0.460000 0.000000 0.000000
 0.465000 0.000000 0.000000
 0.470000 0.000000 0.000000
 0.475000 0.000000 0.000000
 0.480000 0.000000 0.000000
 0.485000 0.000000 0.000000
 0.490000 0.000000 0.000000
 0.495000 0.000000 0.000000
 0.500000 0.000000 0.000000
 0.505000 0.000000 0.000000
 0.510000 0.000000 0.000000
 0.515000 0.000000 0.000007
 0.520000 0.000000 0.000009
 0.525000 0.000000 0.000028
 0.530000 0.000001 0.000055
 0.535000 0.000001 0.000075
 0.540000 0.000002 0.000109
 0.545000 0.000002 0.000146
 0.550000 0.000003 0.000209
 0.555000 0.000005 0.000291
 0.560000 0.000006 0.000389
 0.565000 0.000009 0.000520
 0.570000 0.000012 0.000680
 0.575000 0.000016 0.000893
 0.580000 0.000021 0.001141
 0.585000 0.000028 0.001442
 0.590000 0.000036 0.001804
 0.595000 0.000046 0.002234
 0.600000 0.000059 0.002752
 0.605000 0.000074 0.003352
 0.610000 0.000093 0.004046
 0.615000 0.000115 0.004825
 0.620000 0.000142 0.005713
 0.625000 0.000173 0.006700
 0.630000 0.000210 0.007802
 0.635000 0.000252 0.008988
 0.640000 0.000300 0.010257
 0.645000 0.000355 0.011610
 0.650000 0.000417 0.013031
 0.655000 0.000486 0.014510
 0.660000 0.000563 0.016063
 0.665000 0.000648 0.017666
 0.670000 0.000741 0.019279
 0.675000 0.000842 0.020897
 0.680000 0.000951 0.022503
 0.685000 0.001068 0.024126
 0.690000 0.001193 0.025711
 0.695000 0.001327 0.027319
 0.700000 0.001469 0.028969
 0.705000 0.001619 0.030671
 0.710000 0.001779 0.032470
 0.715000 0.001948 0.034378
 0.720000 0.002127 0.036486
 0.725000 0.002317 0.038762
 0.730000 0.002522 0.041523
 0.735000 0.002741 0.044626
 0.740000 0.002979 0.048437
 0.745000 0.003242 0.053153
 0.750000 0.003532 0.058908
 0.755000 0.003860 0.066279
 0.760000 0.004233 0.075543
 0.765000 0.004662 0.087104
 0.770000 0.005169 0.102280
 0.775000 0.005763 0.121170
 0.780000 0.006489 0.146326
 0.785000 0.007396 0.180545
 0.790000 0.008496 0.223380
 0.795000 0.010359 0.314754
 0.800000 0.012482 0.414902
 0.805000 0.015138 0.540654
 0.810000 0.018941 0.732399
 0.815000 0.029547 1.401580
 0.820000 0.037581 1.830158
 0.825000 0.048052 2.381033
 0.830000 0.061643 3.083118
 0.835000 0.079191 3.969835
 0.840000 0.101712 5.079006
 0.845000 0.130421 6.452422
 0.850000 0.166751 8.134982
 0.855000 0.212364 10.173335
 0.860000 0.269155 12.613942
 0.865000 0.339247 15.500507
 0.870000 0.424967 18.870780
 0.875000 0.528808 22.752772
 0.880000 0.653372 27.160498
 0.885000 0.801283 32.089383
 0.890000 0.975089 37.511741
 0.895000 1.177132 43.372395
 0.900000 1.409402 49.585139
 0.905000 1.673373 56.030304
 0.910000 1.969837 62.553787
 0.915000 2.298730 68.968228
 0.920000 2.658976 75.056305
 0.925000 3.048348 80.576680
 0.930000 3.463368 85.272423
 0.935000 3.899260 88.881699
 0.940000 4.349950 91.150548
 0.945000 4.808142 91.846782
 0.950000 5.265467 90.774595
 0.955000 5.712695 87.788515
 0.960000 6.140020 82.805908
 0.965000 6.537405 75.816914
 0.970000 6.894956 66.890793
 0.975000 7.203330 56.178190
 0.980000 7.454138 43.908483
 0.985000 7.640318 30.382544
 0.990000 7.756467 15.960696
 0.995000 7.799102 1.046963
 1.000000 7.766830 -13.929815
