#! FIELDS cmap hh dhh_cmap
#! SET normalisation  99999.000000
#! SET min_cmap 0
#! SET max_cmap 1
#! SET nbins_cmap  200
#! SET periodic_cmap false
 0.000000 0.000000 0.000000
 0.005000 0.000000 0.000000
 0.010000 0.000000 0.000000
 0.015000 0.000000 0.000000
 0.020000 0.000000 0.000000
 0.025000 0.000000 0.000000
 0.030000 0.000000 0.000000
 0.035000 0.000000 0.000000
 0.040000 0.000000 0.000000
 0.045000 0.000000 0.000000
 0.050000 0.000000 0.000000
 0.055000 0.000000 0.000000
 0.060000 0.000000 0.000000
 0.065000 0.000000 0.000000
 0.070000 0.000000 0.000000
 0.075000 0.000000 0.000000
 0.080000 0.000000 0.000000
 0.085000 0.000000 0.000000
 0.090000 0.000000 0.000000
 0.095000 0.000000 0.000000
 0.100000 0.000000 0.000000
 0.105000 0.000000 0.000000
 0.110000 0.000000 0.000000
 0.115000 0.000000 0.000000
 0.120000 0.000000 0.000000
 0.125000 0.000000 0.000000
 0.130000 0.000000 0.000000
 0.135000 0.000000 0.000000
 0.140000 0.000000 0.000000
 0.145000 0.000000 0.000000
 0.150000 0.000000 0.000000
 0.155000 0.000000 0.000000
 0.160000 0.000000 0.000000
 0.165000 0.000000 0.000000
 0.170000 0.000000 0.000000
 0.175000 0.000000 0.000000
 0.180000 0.000000 0.000000
 0.185000 0.000000 0.000000
 0.190000 0.000000 0.000000
 0.195000 0.000000 0.000000
 0.200000 0.000000 0.000000
 0.205000 0.000000 0.000000
 0.210000 0.000000 0.000000
 0.215000 0.000000 0.000000
 0.220000 0.000000 0.000000
 0.225000 0.000000 0.000000
 0.230000 0.000000 0.000000
 0.235000 0.000000 0.000000
 0.240000 0.000000 0.000000
 0.245000 0.000000 0.000000
 0.250000 0.000000 0.000000
 0.255000 0.000000 0.000000
 0.260000 0.000000 0.000000
 0.265000 0.000000 0.000000
 0.270000 0.000000 0.000000
 0.275000 0.000000 0.000000
 0.280000 0.000000 0.000000
 0.285000 0.000000 0.000000
 0.290000 0.000000 0.000000
 0.295000 0.000000 0.000000
 0.300000 0.000000 0.000000
 0.305000 0.000000 0.000000
 0.310000 0.000000 0.000000
 0.315000 0.000000 0.000000
 0.320000 0.000000 0.000000
 0.325000 0.000000 0.000000
 0.330000 0.000000 0.000000
 0.335000 0.000000 0.000000
 0.340000 0.000000 0.000000
 0.345000 0.000000 0.000000
 0.350000 0.000000 0.000000
 0.355000 0.000000 0.000000
 0.360000 0.000000 0.000000
 0.365000 0.000000 0.000000
 0.370000 0.000000 0.000000
 0.375000 0.000000 0.000000
 0.380000 0.000000 0.000000
 0.385000 0.000000 0.000000
 0.390000 0.000000 0.000000
 0.395000 0.000000 0.000000
 0.400000 0.000000 0.000000
 0.405000 0.000000 0.000000
 0.410000 0.000000 0.000000
 0.415000 0.000000 0.000000
 0.420000 0.000000 0.000000
 0.425000 0.000000 0.000000
 0.430000 0.000000 0.000000
 0.435000 0.000000 0.000000
 0.440000 0.000000 0.000000
 0.445000 0.000000 0.000000
 0.450000 0.000000 0.000000
 0.455000 0.000000 0.000000
 0.460000 0.000000 0.000000
 0.465000 0.000000 0.000000
 0.470000 0.000000 0.000000
 0.475000 0.000000 0.000000
 0.480000 0.000000 0.000000
 0.485000 0.000000 0.000000
 0.490000 0.000000 0.000000
 0.495000 0.000000 0.000000
 0.500000 0.000000 0.000000
 0.505000 0.000000 0.000000
 0.510000 0.000000 0.000000
 0.515000 0.000000 0.000000
 0.520000 0.000000 0.000000
 0.525000 0.000000 0.000000
 0.530000 0.000000 0.000008
 0.535000 0.000000 0.000011
 0.540000 0.000000 0.000015
 0.545000 0.000000 0.000028
 0.550000 0.000001 0.000038
 0.555000 0.000001 0.000058
 0.560000 0.000001 0.000078
 0.565000 0.000002 0.000103
 0.570000 0.000002 0.000135
 0.575000 0.000003 0.000175
 0.580000 0.000004 0.000231
 0.585000 0.000005 0.000294
 0.590000 0.000007 0.000385
 0.595000 0.000010 0.000490
 0.600000 0.000013 0.000644
 0.605000 0.000017 0.000821
 0.610000 0.000021 0.001019
 0.615000 0.000027 0.001253
 0.620000 0.000034 0.001543
 0.625000 0.000043 0.001871
 0.630000 0.000054 0.002267
 0.635000 0.000066 0.002740
 0.640000 0.000082 0.003281
 0.645000 0.000100 0.003926
 0.650000 0.000122 0.004657
 0.655000 0.000148 0.005502
 0.660000 0.000179 0.006464
 0.665000 0.000214 0.007549
 0.670000 0.000255 0.008750
 0.675000 0.000302 0.010138
 0.680000 0.000358 0.011733
 0.685000 0.000422 0.013536
 0.690000 0.000495 0.015488
 0.695000 0.000579 0.017687
 0.700000 0.000674 0.020153
 0.705000 0.000783 0.022847
 0.710000 0.000905 0.025826
 0.715000 0.001043 0.029055
 0.720000 0.001199 0.032654
 0.725000 0.001375 0.036607
 0.730000 0.001572 0.040956
 0.735000 0.001794 0.045881
 0.740000 0.002043 0.051300
 0.745000 0.002321 0.057403
 0.750000 0.002634 0.064336
 0.755000 0.002990 0.072498
 0.760000 0.003397 0.082412
 0.765000 0.003858 0.094064
 0.770000 0.004395 0.108624
 0.775000 0.005017 0.126399
 0.780000 0.005761 0.149683
 0.785000 0.006681 0.181604
 0.790000 0.007784 0.221811
 0.795000 0.009616 0.308528
 0.800000 0.011694 0.403783
 0.805000 0.014294 0.524859
 0.810000 0.018009 0.710929
 0.815000 0.028499 1.374016
 0.820000 0.036377 1.795512
 0.825000 0.046657 2.338819
 0.830000 0.060017 3.032972
 0.835000 0.077294 3.911549
 0.840000 0.099503 5.012564
 0.845000 0.127860 6.378039
 0.850000 0.163799 8.053144
 0.855000 0.208986 10.084841
 0.860000 0.265320 12.519933
 0.865000 0.334931 15.402501
 0.870000 0.420155 18.770687
 0.875000 0.523495 22.652901
 0.880000 0.647566 27.063528
 0.885000 0.795006 31.998358
 0.890000 0.968379 37.429959
 0.895000 1.170043 43.303373
 0.900000 1.402007 49.532469
 0.905000 1.665763 55.997499
 0.910000 1.962120 62.544166
 0.915000 2.291029 68.984676
 0.920000 2.651428 75.101182
 0.925000 3.041098 80.651603
 0.930000 3.456571 85.378120
 0.935000 3.893068 89.017920
 0.940000 4.344513 91.315939
 0.945000 4.803600 92.038925
 0.950000 5.261946 90.989963
 0.955000 5.710299 88.022619
 0.960000 6.138831 83.053389
 0.965000 6.537474 76.071795
 0.970000 6.896304 67.146664
 0.975000 7.205947 56.428488
 0.980000 7.457979 44.146837
 0.985000 7.645308 30.602977
 0.990000 7.762504 16.157891
 0.995000 7.806058 1.216519
 1.000000 7.774557 -13.791206
