#! FIELDS cmap hh dhh_cmap
#! SET normalisation  99999.000000
#! SET min_cmap 0
#! SET max_cmap 1
#! SET nbins_cmap  200
#! SET periodic_cmap false
 0.000000 0.000000 0.000000
 0.005000 0.000000 0.000000
 0.010000 0.000000 0.000000
 0.015000 0.000000 0.000000
 0.020000 0.000000 0.000000
 0.025000 0.000000 0.000000
 0.030000 0.000000 0.000000
 0.035000 0.000000 0.000000
 0.040000 0.000000 0.000000
 0.045000 0.000000 0.000000
 0.050000 0.000000 0.000000
 0.055000 0.000000 0.000000
 0.060000 0.000000 0.000000
 0.065000 0.000000 0.000000
 0.070000 0.000000 0.000000
 0.075000 0.000000 0.000000
 0.080000 0.000000 0.000000
 0.085000 0.000000 0.000000
 0.090000 0.000000 0.000000
 0.095000 0.000000 0.000000
 0.100000 0.000000 0.000000
 0.105000 0.000000 0.000000
 0.110000 0.000000 0.000000
 0.115000 0.000000 0.000000
 0.120000 0.000000 0.000000
 0.125000 0.000000 0.000000
 0.130000 0.000000 0.000000
 0.135000 0.000000 0.000000
 0.140000 0.000000 0.000000
 0.145000 0.000000 0.000000
 0.150000 0.000000 0.000000
 0.155000 0.000000 0.000000
 0.160000 0.000000 0.000000
 0.165000 0.000000 0.000000
 0.170000 0.000000 0.000000
 0.175000 0.000000 0.000000
 0.180000 0.000000 0.000000
 0.185000 0.000000 0.000000
 0.190000 0.000000 0.000000
 0.195000 0.000000 0.000000
 0.200000 0.000000 0.000000
 0.205000 0.000000 0.000000
 0.210000 0.000000 0.000000
 0.215000 0.000000 0.000000
 0.220000 0.000000 0.000000
 0.225000 0.000000 0.000000
 0.230000 0.000000 0.000000
 0.235000 0.000000 0.000000
 0.240000 0.000000 0.000000
 0.245000 0.000000 0.000000
 0.250000 0.000000 0.000000
 0.255000 0.000000 0.000000
 0.260000 0.000000 0.000000
 0.265000 0.000000 0.000000
 0.270000 0.000000 0.000000
 0.275000 0.000000 0.000000
 0.280000 0.000000 0.000000
 0.285000 0.000000 0.000000
 0.290000 0.000000 0.000000
 0.295000 0.000000 0.000000
 0.300000 0.000000 0.000000
 0.305000 0.000000 0.000000
 0.310000 0.000000 0.000000
 0.315000 0.000000 0.000000
 0.320000 0.000000 0.000000
 0.325000 0.000000 0.000000
 0.330000 0.000000 0.000000
 0.335000 0.000000 0.000000
 0.340000 0.000000 0.000000
 0.345000 0.000000 0.000000
 0.350000 0.000000 0.000000
 0.355000 0.000000 0.000000
 0.360000 0.000000 0.000000
 0.365000 0.000000 0.000000
 0.370000 0.000000 0.000000
 0.375000 0.000000 0.000000
 0.380000 0.000000 0.000000
 0.385000 0.000000 0.000000
 0.390000 0.000000 0.000000
 0.395000 0.000000 0.000000
 0.400000 0.000000 0.000000
 0.405000 0.000000 0.000000
 0.410000 0.000000 0.000000
 0.415000 0.000000 0.000000
 0.420000 0.000000 0.000000
 0.425000 0.000000 0.000000
 0.430000 0.000000 0.000000
 0.435000 0.000000 0.000000
 0.440000 0.000000 0.000000
 0.445000 0.000000 0.000000
 0.450000 0.000000 0.000000
 0.455000 0.000000 0.000000
 0.460000 0.000000 0.000000
 0.465000 0.000000 0.000000
 0.470000 0.000000 0.000000
 0.475000 0.000000 0.000000
 0.480000 0.000000 0.000000
 0.485000 0.000000 0.000000
 0.490000 0.000000 0.000000
 0.495000 0.000000 0.000000
 0.500000 0.000000 0.000000
 0.505000 0.000000 0.000000
 0.510000 0.000000 0.000009
 0.515000 0.000001 0.000038
 0.520000 0.000001 0.000059
 0.525000 0.000001 0.000098
 0.530000 0.000002 0.000156
 0.535000 0.000003 0.000227
 0.540000 0.000005 0.000322
 0.545000 0.000007 0.000438
 0.550000 0.000010 0.000578
 0.555000 0.000013 0.000779
 0.560000 0.000018 0.001009
 0.565000 0.000023 0.001300
 0.570000 0.000031 0.001656
 0.575000 0.000040 0.002102
 0.580000 0.000053 0.002645
 0.585000 0.000068 0.003282
 0.590000 0.000086 0.004022
 0.595000 0.000108 0.004870
 0.600000 0.000135 0.005830
 0.605000 0.000167 0.006913
 0.610000 0.000205 0.008122
 0.615000 0.000249 0.009443
 0.620000 0.000300 0.010868
 0.625000 0.000358 0.012389
 0.630000 0.000424 0.013980
 0.635000 0.000498 0.015597
 0.640000 0.000581 0.017287
 0.645000 0.000672 0.018929
 0.650000 0.000771 0.020545
 0.655000 0.000878 0.022099
 0.660000 0.000992 0.023549
 0.665000 0.001114 0.024894
 0.670000 0.001242 0.026072
 0.675000 0.001376 0.027091
 0.680000 0.001514 0.027948
 0.685000 0.001657 0.028683
 0.690000 0.001802 0.029256
 0.695000 0.001951 0.029746
 0.700000 0.002101 0.030124
 0.705000 0.002254 0.030518
 0.710000 0.002409 0.030956
 0.715000 0.002567 0.031540
 0.720000 0.002729 0.032338
 0.725000 0.002895 0.033363
 0.730000 0.003068 0.034874
 0.735000 0.003252 0.037011
 0.740000 0.003452 0.040033
 0.745000 0.003670 0.043980
 0.750000 0.003909 0.048904
 0.755000 0.004186 0.055801
 0.760000 0.004509 0.064873
 0.765000 0.004881 0.076036
 0.770000 0.005331 0.090982
 0.775000 0.005869 0.109785
 0.780000 0.006542 0.135190
 0.785000 0.007398 0.169756
 0.790000 0.008446 0.212856
 0.795000 0.010255 0.304296
 0.800000 0.012320 0.404193
 0.805000 0.014927 0.530334
 0.810000 0.018686 0.722730
 0.815000 0.029235 1.391637
 0.820000 0.037220 1.820473
 0.825000 0.047644 2.371718
 0.830000 0.061189 3.074341
 0.835000 0.078695 3.961826
 0.840000 0.101179 5.072065
 0.845000 0.129857 6.446915
 0.850000 0.166164 8.131335
 0.855000 0.211764 10.172026
 0.860000 0.268555 12.615474
 0.865000 0.338663 15.505387
 0.870000 0.424417 18.879483
 0.875000 0.528312 22.765711
 0.880000 0.652951 27.177972
 0.885000 0.800962 32.111530
 0.890000 0.974890 37.538505
 0.895000 1.177078 43.403520
 0.900000 1.409513 49.620115
 0.905000 1.673667 56.068351
 0.910000 1.970326 62.593885
 0.915000 2.299423 69.009106
 0.920000 2.659872 75.096551
 0.925000 3.049440 80.614710
 0.930000 3.464642 85.306611
 0.935000 3.900692 88.910449
 0.940000 4.351509 91.172363
 0.945000 4.809790 91.860387
 0.950000 5.267160 90.778967
 0.955000 5.714384 87.782988
 0.960000 6.141657 82.790226
 0.965000 6.538938 75.791242
 0.970000 6.896337 66.855787
 0.975000 7.204516 56.134895
 0.980000 7.455089 43.858333
 0.985000 7.641004 30.327235
 0.990000 7.756868 15.902157
 0.995000 7.799207 0.987209
 1.000000 7.766638 -13.988759
