#! FIELDS cmap hh dhh_cmap
#! SET normalisation  99999.000000
#! SET min_cmap 0
#! SET max_cmap 1
#! SET nbins_cmap  200
#! SET periodic_cmap false
 0.000000 0.000000 0.000000
 0.005000 0.000000 0.000000
 0.010000 0.000000 0.000000
 0.015000 0.000000 0.000000
 0.020000 0.000000 0.000000
 0.025000 0.000000 0.000000
 0.030000 0.000000 0.000000
 0.035000 0.000000 0.000000
 0.040000 0.000000 0.000000
 0.045000 0.000000 0.000000
 0.050000 0.000000 0.000000
 0.055000 0.000000 0.000000
 0.060000 0.000000 0.000000
 0.065000 0.000000 0.000000
 0.070000 0.000000 0.000000
 0.075000 0.000000 0.000000
 0.080000 0.000000 0.000000
 0.085000 0.000000 0.000000
 0.090000 0.000000 0.000000
 0.095000 0.000000 0.000000
 0.100000 0.000000 0.000000
 0.105000 0.000000 0.000000
 0.110000 0.000000 0.000000
 0.115000 0.000000 0.000000
 0.120000 0.000000 0.000000
 0.125000 0.000000 0.000000
 0.130000 0.000000 0.000000
 0.135000 0.000000 0.000000
 0.140000 0.000000 0.000000
 0.145000 0.000000 0.000000
 0.150000 0.000000 0.000000
 0.155000 0.000000 0.000000
 0.160000 0.000000 0.000000
 0.165000 0.000000 0.000000
 0.170000 0.000000 0.000000
 0.175000 0.000000 0.000000
 0.180000 0.000000 0.000000
 0.185000 0.000000 0.000000
 0.190000 0.000000 0.000000
 0.195000 0.000000 0.000000
 0.200000 0.000000 0.000000
 0.205000 0.000000 0.000000
 0.210000 0.000000 0.000000
 0.215000 0.000000 0.000000
 0.220000 0.000000 0.000000
 0.225000 0.000000 0.000000
 0.230000 0.000000 0.000000
 0.235000 0.000000 0.000000
 0.240000 0.000000 0.000000
 0.245000 0.000000 0.000000
 0.250000 0.000000 0.000000
 0.255000 0.000000 0.000000
 0.260000 0.000000 0.000000
 0.265000 0.000000 0.000000
 0.270000 0.000000 0.000000
 0.275000 0.000000 0.000000
 0.280000 0.000000 0.000000
 0.285000 0.000000 0.000000
 0.290000 0.000000 0.000000
 0.295000 0.000000 0.000000
 0.300000 0.000000 0.000000
 0.305000 0.000000 0.000000
 0.310000 0.000000 0.000000
 0.315000 0.000000 0.000000
 0.320000 0.000000 0.000000
 0.325000 0.000000 0.000000
 0.330000 0.000000 0.000000
 0.335000 0.000000 0.000000
 0.340000 0.000000 0.000000
 0.345000 0.000000 0.000000
 0.350000 0.000000 0.000000
 0.355000 0.000000 0.000000
 0.360000 0.000000 0.000000
 0.365000 0.000000 0.000000
 0.370000 0.000000 0.000000
 0.375000 0.000000 0.000000
 0.380000 0.000000 0.000000
 0.385000 0.000000 0.000000
 0.390000 0.000000 0.000000
 0.395000 0.000000 0.000000
 0.400000 0.000000 0.000000
 0.405000 0.000000 0.000000
 0.410000 0.000000 0.000000
 0.415000 0.000000 0.000000
 0.420000 0.000000 0.000000
 0.425000 0.000000 0.000000
 0.430000 0.000000 0.000000
 0.435000 0.000000 0.000000
 0.440000 0.000000 0.000000
 0.445000 0.000000 0.000000
 0.450000 0.000000 0.000007
 0.455000 0.000000 0.000010
 0.460000 0.000000 0.000014
 0.465000 0.000000 0.000019
 0.470000 0.000000 0.000026
 0.475000 0.000001 0.000034
 0.480000 0.000001 0.000045
 0.485000 0.000001 0.000059
 0.490000 0.000001 0.000077
 0.495000 0.000002 0.000098
 0.500000 0.000002 0.000124
 0.505000 0.000003 0.000170
 0.510000 0.000004 0.000213
 0.515000 0.000005 0.000270
 0.520000 0.000007 0.000332
 0.525000 0.000009 0.000420
 0.530000 0.000011 0.000515
 0.535000 0.000014 0.000628
 0.540000 0.000018 0.000765
 0.545000 0.000022 0.000911
 0.550000 0.000027 0.001078
 0.555000 0.000033 0.001274
 0.560000 0.000040 0.001490
 0.565000 0.000048 0.001737
 0.570000 0.000057 0.002008
 0.575000 0.000068 0.002322
 0.580000 0.000081 0.002666
 0.585000 0.000095 0.003052
 0.590000 0.000112 0.003465
 0.595000 0.000130 0.003921
 0.600000 0.000151 0.004409
 0.605000 0.000175 0.004955
 0.610000 0.000201 0.005520
 0.615000 0.000230 0.006130
 0.620000 0.000262 0.006757
 0.625000 0.000298 0.007430
 0.630000 0.000338 0.008159
 0.635000 0.000381 0.008897
 0.640000 0.000428 0.009656
 0.645000 0.000478 0.010409
 0.650000 0.000532 0.011152
 0.655000 0.000590 0.011911
 0.660000 0.000652 0.012678
 0.665000 0.000718 0.013442
 0.670000 0.000788 0.014260
 0.675000 0.000862 0.015042
 0.680000 0.000940 0.015932
 0.685000 0.001023 0.016883
 0.690000 0.001111 0.017938
 0.695000 0.001204 0.019163
 0.700000 0.001305 0.020559
 0.705000 0.001412 0.022154
 0.710000 0.001529 0.024067
 0.715000 0.001656 0.026304
 0.720000 0.001795 0.028942
 0.725000 0.001950 0.032018
 0.730000 0.002122 0.035707
 0.735000 0.002315 0.039928
 0.740000 0.002532 0.044913
 0.745000 0.002777 0.050726
 0.750000 0.003057 0.057548
 0.755000 0.003380 0.065952
 0.760000 0.003755 0.076075
 0.765000 0.004184 0.087938
 0.770000 0.004691 0.102827
 0.775000 0.005284 0.120944
 0.780000 0.006010 0.145093
 0.785000 0.006913 0.177846
 0.790000 0.007998 0.218474
 0.795000 0.009828 0.306617
 0.800000 0.011891 0.402083
 0.805000 0.014481 0.523592
 0.810000 0.018181 0.709530
 0.815000 0.028662 1.372833
 0.820000 0.036536 1.794773
 0.825000 0.046813 2.338677
 0.830000 0.060174 3.033666
 0.835000 0.077457 3.913406
 0.840000 0.099679 5.016002
 0.845000 0.128059 6.383551
 0.850000 0.164032 8.061283
 0.855000 0.209267 10.096188
 0.860000 0.265667 12.535060
 0.865000 0.335364 15.421920
 0.870000 0.420697 18.794814
 0.875000 0.524170 22.681946
 0.880000 0.648398 27.097502
 0.885000 0.796019 32.036971
 0.890000 0.969596 37.472625
 0.895000 1.171482 43.349125
 0.900000 1.403679 49.580003
 0.905000 1.667674 56.045176
 0.910000 1.964265 62.590016
 0.915000 2.293395 69.026540
 0.920000 2.653988 75.136759
 0.925000 3.043816 80.678580
 0.930000 3.459397 85.394308
 0.935000 3.895944 89.021364
 0.940000 4.347371 91.305097
 0.945000 4.806366 92.012729
 0.950000 5.264541 90.947989
 0.955000 5.712645 87.965062
 0.960000 6.140852 82.981202
 0.965000 6.539101 75.986552
 0.970000 6.897478 67.050655
 0.975000 7.206619 56.324469
 0.980000 7.458117 44.037982
 0.985000 7.644897 30.492646
 0.990000 7.761545 16.049596
 0.995000 7.804569 1.113603
 1.000000 7.772573 -13.885720
