#! FIELDS cmap hh dhh_cmap
#! SET normalisation  99999.000000
#! SET min_cmap 0
#! SET max_cmap 1
#! SET nbins_cmap  200
#! SET periodic_cmap false
 0.000000 0.170835 0.476255
 0.005000 0.172378 0.139465
 0.010000 0.172223 -0.201185
 0.015000 0.170376 -0.535608
 0.020000 0.166893 -0.854031
 0.025000 0.161878 -1.147471
 0.030000 0.155473 -1.408158
 0.035000 0.147861 -1.629871
 0.040000 0.139247 -1.808175
 0.045000 0.129856 -1.940540
 0.050000 0.119919 -2.026371
 0.055000 0.109668 -2.066866
 0.060000 0.099322 -2.064845
 0.065000 0.089083 -2.024464
 0.070000 0.079132 -1.950896
 0.075000 0.069620 -1.849979
 0.080000 0.060668 -1.727871
 0.085000 0.052366 -1.590724
 0.090000 0.044776 -1.444404
 0.095000 0.037929 -1.294261
 0.100000 0.031832 -1.144964
 0.105000 0.026471 -1.000396
 0.110000 0.021815 -0.863608
 0.115000 0.017818 -0.736832
 0.120000 0.014427 -0.621525
 0.125000 0.011583 -0.518455
 0.130000 0.009222 -0.427806
 0.135000 0.007284 -0.349287
 0.140000 0.005710 -0.282249
 0.145000 0.004444 -0.225795
 0.150000 0.003436 -0.178871
 0.155000 0.002642 -0.140354
 0.160000 0.002021 -0.109114
 0.165000 0.001540 -0.084067
 0.170000 0.001171 -0.064204
 0.175000 0.000891 -0.048620
 0.180000 0.000679 -0.036518
 0.185000 0.000487 -0.024693
 0.190000 0.000199 -0.005125
 0.195000 0.000175 -0.004110
 0.200000 0.000155 -0.003199
 0.205000 0.000139 -0.002483
 0.210000 0.000128 -0.001982
 0.215000 0.000119 -0.001603
 0.220000 0.000111 -0.001330
 0.225000 0.000105 -0.001116
 0.230000 0.000099 -0.000979
 0.235000 0.000095 -0.000887
 0.240000 0.000090 -0.000805
 0.245000 0.000086 -0.000757
 0.250000 0.000082 -0.000739
 0.255000 0.000078 -0.000710
 0.260000 0.000074 -0.000676
 0.265000 0.000071 -0.000646
 0.270000 0.000068 -0.000574
 0.275000 0.000065 -0.000501
 0.280000 0.000062 -0.000417
 0.285000 0.000061 -0.000315
 0.290000 0.000059 -0.000183
 0.295000 0.000058 -0.000061
 0.300000 0.000058 0.000068
 0.305000 0.000059 0.000199
 0.310000 0.000060 0.000325
 0.315000 0.000062 0.000443
 0.320000 0.000065 0.000547
 0.325000 0.000068 0.000636
 0.330000 0.000071 0.000705
 0.335000 0.000075 0.000753
 0.340000 0.000079 0.000779
 0.345000 0.000083 0.000785
 0.350000 0.000087 0.000771
 0.355000 0.000090 0.000740
 0.360000 0.000094 0.000693
 0.365000 0.000097 0.000636
 0.370000 0.000100 0.000570
 0.375000 0.000103 0.000507
 0.380000 0.000105 0.000437
 0.385000 0.000107 0.000369
 0.390000 0.000109 0.000303
 0.395000 0.000110 0.000242
 0.400000 0.000111 0.000186
 0.405000 0.000112 0.000134
 0.410000 0.000113 0.000095
 0.415000 0.000113 0.000050
 0.420000 0.000113 0.000008
 0.425000 0.000113 -0.000032
 0.430000 0.000113 -0.000070
 0.435000 0.000112 -0.000107
 0.440000 0.000112 -0.000144
 0.445000 0.000111 -0.000178
 0.450000 0.000110 -0.000209
 0.455000 0.000109 -0.000228
 0.460000 0.000108 -0.000247
 0.465000 0.000107 -0.000257
 0.470000 0.000105 -0.000257
 0.475000 0.000104 -0.000247
 0.480000 0.000103 -0.000225
 0.485000 0.000102 -0.000192
 0.490000 0.000101 -0.000148
 0.495000 0.000100 -0.000096
 0.500000 0.000100 -0.000030
 0.505000 0.000100 0.000051
 0.510000 0.000101 0.000124
 0.515000 0.000102 0.000215
 0.520000 0.000103 0.000295
 0.525000 0.000105 0.000382
 0.530000 0.000107 0.000464
 0.535000 0.000110 0.000547
 0.540000 0.000112 0.000633
 0.545000 0.000116 0.000734
 0.550000 0.000120 0.000847
 0.555000 0.000125 0.000982
 0.560000 0.000130 0.001135
 0.565000 0.000136 0.001308
 0.570000 0.000143 0.001521
 0.575000 0.000151 0.001765
 0.580000 0.000161 0.002065
 0.585000 0.000172 0.002396
 0.590000 0.000185 0.002786
 0.595000 0.000200 0.003215
 0.600000 0.000218 0.003697
 0.605000 0.000238 0.004226
 0.610000 0.000261 0.004825
 0.615000 0.000287 0.005440
 0.620000 0.000316 0.006081
 0.625000 0.000348 0.006745
 0.630000 0.000384 0.007448
 0.635000 0.000423 0.008175
 0.640000 0.000466 0.008909
 0.645000 0.000513 0.009649
 0.650000 0.000563 0.010418
 0.655000 0.000618 0.011206
 0.660000 0.000676 0.012031
 0.665000 0.000739 0.012921
 0.670000 0.000807 0.013895
 0.675000 0.000880 0.014987
 0.680000 0.000958 0.016141
 0.685000 0.001043 0.017470
 0.690000 0.001134 0.018932
 0.695000 0.001234 0.020623
 0.700000 0.001343 0.022504
 0.705000 0.001462 0.024689
 0.710000 0.001593 0.027087
 0.715000 0.001736 0.029804
 0.720000 0.001895 0.032897
 0.725000 0.002071 0.036340
 0.730000 0.002265 0.040233
 0.735000 0.002481 0.044582
 0.740000 0.002722 0.049608
 0.745000 0.002992 0.055315
 0.750000 0.003295 0.062006
 0.755000 0.003640 0.070097
 0.760000 0.004035 0.079930
 0.765000 0.004483 0.091453
 0.770000 0.005006 0.106054
 0.775000 0.005611 0.123802
 0.780000 0.006345 0.147504
 0.785000 0.007258 0.180116
 0.790000 0.008348 0.220548
 0.795000 0.010186 0.308734
 0.800000 0.012263 0.404828
 0.805000 0.014862 0.526457
 0.810000 0.018580 0.713099
 0.815000 0.028901 1.363704
 0.820000 0.036717 1.780659
 0.825000 0.046907 2.317333
 0.830000 0.060137 3.002121
 0.835000 0.077229 3.867829
 0.840000 0.099179 4.951577
 0.845000 0.127177 6.294369
 0.850000 0.162628 7.940258
 0.855000 0.207161 9.935000
 0.860000 0.262635 12.324158
 0.865000 0.331131 15.150584
 0.870000 0.414932 18.451268
 0.875000 0.516481 22.253608
 0.880000 0.638327 26.571305
 0.885000 0.783046 31.399776
 0.890000 0.953132 36.711773
 0.895000 1.150881 42.453080
 0.900000 1.378240 48.539077
 0.905000 1.636652 54.852296
 0.910000 1.926891 61.241583
 0.915000 2.248890 67.523160
 0.920000 2.601589 73.483990
 0.925000 2.982802 78.887549
 0.930000 3.389116 83.482092
 0.935000 3.815846 87.011225
 0.940000 4.257037 89.226291
 0.945000 4.705538 89.900181
 0.950000 5.153148 88.841429
 0.955000 5.590825 85.908050
 0.960000 6.008966 81.019628
 0.965000 6.397743 74.167096
 0.970000 6.747472 65.418926
 0.975000 7.049014 54.923224
 0.980000 7.294162 42.905107
 0.985000 7.476016 29.659630
 0.990000 7.589299 15.539956
 0.995000 7.630616 0.941859
 1.000000 7.598618 -13.714791
