#! FIELDS cmap hh dhh_cmap
#! SET normalisation  99999.000000
#! SET min_cmap 0
#! SET max_cmap 1
#! SET nbins_cmap  200
#! SET periodic_cmap false
 0.000000 0.000000 0.000000
 0.005000 0.000000 0.000000
 0.010000 0.000000 0.000000
 0.015000 0.000000 0.000000
 0.020000 0.000000 0.000000
 0.025000 0.000000 0.000000
 0.030000 0.000000 0.000000
 0.035000 0.000000 0.000000
 0.040000 0.000000 0.000000
 0.045000 0.000000 0.000000
 0.050000 0.000000 0.000000
 0.055000 0.000000 0.000000
 0.060000 0.000000 0.000000
 0.065000 0.000000 0.000000
 0.070000 0.000000 0.000000
 0.075000 0.000000 0.000000
 0.080000 0.000000 0.000000
 0.085000 0.000000 0.000000
 0.090000 0.000000 0.000000
 0.095000 0.000000 0.000000
 0.100000 0.000000 0.000000
 0.105000 0.000000 0.000000
 0.110000 0.000000 0.000000
 0.115000 0.000000 0.000000
 0.120000 0.000000 0.000000
 0.125000 0.000000 0.000000
 0.130000 0.000000 0.000000
 0.135000 0.000000 0.000000
 0.140000 0.000000 0.000000
 0.145000 0.000000 0.000000
 0.150000 0.000000 0.000000
 0.155000 0.000000 0.000000
 0.160000 0.000000 0.000000
 0.165000 0.000000 0.000000
 0.170000 0.000000 0.000000
 0.175000 0.000000 0.000000
 0.180000 0.000000 0.000000
 0.185000 0.000000 0.000000
 0.190000 0.000000 0.000000
 0.195000 0.000000 0.000000
 0.200000 0.000000 0.000000
 0.205000 0.000000 0.000000
 0.210000 0.000000 0.000000
 0.215000 0.000000 0.000000
 0.220000 0.000000 0.000000
 0.225000 0.000000 0.000000
 0.230000 0.000000 0.000000
 0.235000 0.000000 0.000000
 0.240000 0.000000 0.000000
 0.245000 0.000000 0.000000
 0.250000 0.000000 0.000000
 0.255000 0.000000 0.000000
 0.260000 0.000000 0.000000
 0.265000 0.000000 0.000000
 0.270000 0.000000 0.000000
 0.275000 0.000000 0.000000
 0.280000 0.000000 0.000000
 0.285000 0.000000 0.000000
 0.290000 0.000000 0.000000
 0.295000 0.000000 0.000000
 0.300000 0.000000 0.000000
 0.305000 0.000000 0.000000
 0.310000 0.000000 0.000000
 0.315000 0.000000 0.000000
 0.320000 0.000000 0.000000
 0.325000 0.000000 0.000000
 0.330000 0.000000 0.000000
 0.335000 0.000000 0.000000
 0.340000 0.000000 0.000000
 0.345000 0.000000 0.000000
 0.350000 0.000000 0.000000
 0.355000 0.000000 0.000000
 0.360000 0.000000 0.000000
 0.365000 0.000000 0.000000
 0.370000 0.000000 0.000000
 0.375000 0.000000 0.000000
 0.380000 0.000000 0.000000
 0.385000 0.000000 0.000009
 0.390000 0.000000 0.000012
 0.395000 0.000000 0.000016
 0.400000 0.000000 0.000022
 0.405000 0.000000 0.000030
 0.410000 0.000001 0.000040
 0.415000 0.000001 0.000052
 0.420000 0.000001 0.000068
 0.425000 0.000002 0.000087
 0.430000 0.000002 0.000111
 0.435000 0.000003 0.000139
 0.440000 0.000003 0.000173
 0.445000 0.000004 0.000212
 0.450000 0.000006 0.000257
 0.455000 0.000007 0.000309
 0.460000 0.000009 0.000366
 0.465000 0.000011 0.000428
 0.470000 0.000013 0.000494
 0.475000 0.000016 0.000564
 0.480000 0.000019 0.000635
 0.485000 0.000022 0.000705
 0.490000 0.000026 0.000773
 0.495000 0.000030 0.000835
 0.500000 0.000034 0.000888
 0.505000 0.000039 0.000930
 0.510000 0.000043 0.000957
 0.515000 0.000048 0.000968
 0.520000 0.000053 0.000959
 0.525000 0.000058 0.000930
 0.530000 0.000062 0.000878
 0.535000 0.000066 0.000805
 0.540000 0.000070 0.000719
 0.545000 0.000074 0.000608
 0.550000 0.000076 0.000482
 0.555000 0.000078 0.000343
 0.560000 0.000080 0.000197
 0.565000 0.000080 0.000055
 0.570000 0.000080 -0.000082
 0.575000 0.000080 -0.000214
 0.580000 0.000078 -0.000324
 0.585000 0.000077 -0.000413
 0.590000 0.000074 -0.000479
 0.595000 0.000072 -0.000508
 0.600000 0.000070 -0.000498
 0.605000 0.000067 -0.000448
 0.610000 0.000066 -0.000325
 0.615000 0.000065 -0.000151
 0.620000 0.000065 0.000056
 0.625000 0.000066 0.000335
 0.630000 0.000069 0.000691
 0.635000 0.000075 0.001204
 0.640000 0.000083 0.001774
 0.645000 0.000094 0.002440
 0.650000 0.000109 0.003249
 0.655000 0.000128 0.004180
 0.660000 0.000152 0.005251
 0.665000 0.000181 0.006494
 0.670000 0.000217 0.007908
 0.675000 0.000262 0.009581
 0.680000 0.000315 0.011504
 0.685000 0.000378 0.013668
 0.690000 0.000453 0.016131
 0.695000 0.000542 0.018974
 0.700000 0.000647 0.022212
 0.705000 0.000768 0.025833
 0.710000 0.000909 0.029877
 0.715000 0.001070 0.034325
 0.720000 0.001257 0.039296
 0.725000 0.001470 0.044782
 0.730000 0.001712 0.050799
 0.735000 0.001987 0.057424
 0.740000 0.002299 0.064835
 0.745000 0.002651 0.072915
 0.750000 0.003046 0.081840
 0.755000 0.003497 0.092242
 0.760000 0.004009 0.104300
 0.765000 0.004585 0.117969
 0.770000 0.005248 0.134681
 0.775000 0.006008 0.154611
 0.780000 0.006908 0.180555
 0.785000 0.007977 0.213943
 0.790000 0.009244 0.255866
 0.795000 0.011263 0.345360
 0.800000 0.013526 0.442476
 0.805000 0.016314 0.565049
 0.810000 0.020239 0.753555
 0.815000 0.030937 1.418262
 0.820000 0.039042 1.842087
 0.825000 0.049560 2.387844
 0.830000 0.063172 3.084530
 0.835000 0.080713 3.965648
 0.840000 0.103199 5.069103
 0.845000 0.131844 6.436761
 0.850000 0.168082 8.113598
 0.855000 0.213573 10.146342
 0.860000 0.270216 12.581535
 0.865000 0.340133 15.462973
 0.870000 0.425653 18.828510
 0.875000 0.529272 22.706272
 0.880000 0.653594 27.110397
 0.885000 0.801247 32.036469
 0.890000 0.974784 37.456926
 0.895000 1.176551 43.316759
 0.900000 1.408542 49.529915
 0.905000 1.672241 55.976824
 0.910000 1.968445 62.503473
 0.915000 2.297098 68.922526
 0.920000 2.657130 75.016667
 0.925000 3.046322 80.544490
 0.930000 3.461203 85.248905
 0.935000 3.897001 88.867872
 0.940000 4.347648 91.147116
 0.945000 4.805850 91.854166
 0.950000 5.263239 90.792817
 0.955000 5.710584 87.817190
 0.960000 6.138078 82.844278
 0.965000 6.535676 75.863816
 0.970000 6.893480 66.944772
 0.975000 7.202139 56.237531
 0.980000 7.453252 43.971270
 0.985000 7.639750 30.446707
 0.990000 7.756220 16.024246
 0.995000 7.799167 1.107987
 1.000000 7.767189 -13.872956
