#! FIELDS cmap hh dhh_cmap
#! SET normalisation  99999.000000
#! SET min_cmap 0
#! SET max_cmap 1
#! SET nbins_cmap  200
#! SET periodic_cmap false
 0.000000 0.000000 0.000000
 0.005000 0.000000 0.000000
 0.010000 0.000000 0.000000
 0.015000 0.000000 0.000000
 0.020000 0.000000 0.000000
 0.025000 0.000000 0.000000
 0.030000 0.000000 0.000000
 0.035000 0.000000 0.000000
 0.040000 0.000000 0.000000
 0.045000 0.000000 0.000000
 0.050000 0.000000 0.000000
 0.055000 0.000000 0.000000
 0.060000 0.000000 0.000000
 0.065000 0.000000 0.000000
 0.070000 0.000000 0.000000
 0.075000 0.000000 0.000000
 0.080000 0.000000 0.000000
 0.085000 0.000000 0.000000
 0.090000 0.000000 0.000000
 0.095000 0.000000 0.000000
 0.100000 0.000000 0.000000
 0.105000 0.000000 0.000000
 0.110000 0.000000 0.000000
 0.115000 0.000000 0.000000
 0.120000 0.000000 0.000000
 0.125000 0.000000 0.000000
 0.130000 0.000000 0.000000
 0.135000 0.000000 0.000000
 0.140000 0.000000 0.000000
 0.145000 0.000000 0.000000
 0.150000 0.000000 0.000000
 0.155000 0.000000 0.000000
 0.160000 0.000000 0.000000
 0.165000 0.000000 0.000000
 0.170000 0.000000 0.000000
 0.175000 0.000000 0.000000
 0.180000 0.000000 0.000000
 0.185000 0.000000 0.000000
 0.190000 0.000000 0.000000
 0.195000 0.000000 0.000000
 0.200000 0.000000 0.000000
 0.205000 0.000000 0.000000
 0.210000 0.000000 0.000000
 0.215000 0.000000 0.000000
 0.220000 0.000000 0.000000
 0.225000 0.000000 0.000000
 0.230000 0.000000 0.000000
 0.235000 0.000000 0.000000
 0.240000 0.000000 0.000000
 0.245000 0.000000 0.000000
 0.250000 0.000000 0.000000
 0.255000 0.000000 0.000000
 0.260000 0.000000 0.000000
 0.265000 0.000000 0.000000
 0.270000 0.000000 0.000000
 0.275000 0.000000 0.000000
 0.280000 0.000000 0.000000
 0.285000 0.000000 0.000000
 0.290000 0.000000 0.000000
 0.295000 0.000000 0.000000
 0.300000 0.000000 0.000000
 0.305000 0.000000 0.000000
 0.310000 0.000000 0.000000
 0.315000 0.000000 0.000000
 0.320000 0.000000 0.000000
 0.325000 0.000000 0.000000
 0.330000 0.000000 0.000000
 0.335000 0.000000 0.000000
 0.340000 0.000000 0.000000
 0.345000 0.000000 0.000000
 0.350000 0.000000 0.000000
 0.355000 0.000000 0.000000
 0.360000 0.000000 0.000000
 0.365000 0.000000 0.000000
 0.370000 0.000000 0.000000
 0.375000 0.000000 0.000000
 0.380000 0.000000 0.000000
 0.385000 0.000000 0.000000
 0.390000 0.000000 0.000000
 0.395000 0.000000 0.000000
 0.400000 0.000000 0.000000
 0.405000 0.000000 0.000000
 0.410000 0.000000 0.000000
 0.415000 0.000000 0.000000
 0.420000 0.000000 0.000000
 0.425000 0.000000 0.000000
 0.430000 0.000000 0.000000
 0.435000 0.000000 0.000000
 0.440000 0.000000 0.000000
 0.445000 0.000000 0.000000
 0.450000 0.000000 0.000000
 0.455000 0.000000 0.000000
 0.460000 0.000000 0.000000
 0.465000 0.000000 0.000000
 0.470000 0.000000 0.000009
 0.475000 0.000000 0.000012
 0.480000 0.000000 0.000017
 0.485000 0.000000 0.000023
 0.490000 0.000000 0.000030
 0.495000 0.000001 0.000040
 0.500000 0.000001 0.000053
 0.505000 0.000001 0.000069
 0.510000 0.000002 0.000088
 0.515000 0.000002 0.000120
 0.520000 0.000003 0.000152
 0.525000 0.000004 0.000196
 0.530000 0.000005 0.000252
 0.535000 0.000006 0.000311
 0.540000 0.000008 0.000387
 0.545000 0.000010 0.000471
 0.550000 0.000013 0.000567
 0.555000 0.000016 0.000676
 0.560000 0.000020 0.000822
 0.565000 0.000025 0.000969
 0.570000 0.000030 0.001140
 0.575000 0.000036 0.001324
 0.580000 0.000043 0.001549
 0.585000 0.000052 0.001779
 0.590000 0.000061 0.002040
 0.595000 0.000073 0.002339
 0.600000 0.000085 0.002649
 0.605000 0.000099 0.003001
 0.610000 0.000115 0.003371
 0.615000 0.000133 0.003791
 0.620000 0.000154 0.004268
 0.625000 0.000177 0.004767
 0.630000 0.000202 0.005323
 0.635000 0.000230 0.005924
 0.640000 0.000262 0.006584
 0.645000 0.000297 0.007306
 0.650000 0.000336 0.008073
 0.655000 0.000379 0.008934
 0.660000 0.000426 0.009847
 0.665000 0.000478 0.010841
 0.670000 0.000536 0.011947
 0.675000 0.000599 0.013144
 0.680000 0.000669 0.014477
 0.685000 0.000746 0.015903
 0.690000 0.000830 0.017486
 0.695000 0.000923 0.019246
 0.700000 0.001025 0.021143
 0.705000 0.001137 0.023266
 0.710000 0.001261 0.025614
 0.715000 0.001396 0.028219
 0.720000 0.001547 0.031187
 0.725000 0.001714 0.034526
 0.730000 0.001900 0.038392
 0.735000 0.002107 0.042760
 0.740000 0.002338 0.047736
 0.745000 0.002601 0.053856
 0.750000 0.002898 0.060927
 0.755000 0.003242 0.069805
 0.760000 0.003642 0.080893
 0.765000 0.004099 0.093864
 0.770000 0.004641 0.110322
 0.775000 0.005275 0.130393
 0.780000 0.006051 0.156934
 0.785000 0.007022 0.192964
 0.790000 0.008186 0.237150
 0.795000 0.010121 0.329996
 0.800000 0.012320 0.431385
 0.805000 0.015073 0.559362
 0.810000 0.018994 0.754350
 0.815000 0.029683 1.423664
 0.820000 0.037832 1.854220
 0.825000 0.048429 2.407226
 0.830000 0.062156 3.111602
 0.835000 0.079852 4.000776
 0.840000 0.102534 5.112541
 0.845000 0.131418 6.488667
 0.850000 0.167936 8.174009
 0.855000 0.213751 10.215147
 0.860000 0.270758 12.658454
 0.865000 0.341079 15.547520
 0.870000 0.427040 18.919962
 0.875000 0.531131 22.803634
 0.880000 0.655952 27.212376
 0.885000 0.804124 32.141430
 0.890000 0.978188 37.562910
 0.895000 1.180483 43.421463
 0.900000 1.412989 49.630719
 0.905000 1.677176 56.070860
 0.910000 1.973827 62.587687
 0.915000 2.302870 68.993781
 0.920000 2.663220 75.071864
 0.925000 3.052641 80.580730
 0.930000 3.467650 85.263567
 0.935000 3.903463 88.858866
 0.940000 4.354002 91.112974
 0.945000 4.811969 91.794195
 0.950000 5.268994 90.707133
 0.955000 5.715848 87.706878
 0.960000 6.142733 82.711335
 0.965000 6.539616 75.711104
 0.970000 6.896614 66.775999
 0.975000 7.204398 56.057011
 0.980000 7.454590 43.783898
 0.985000 7.640144 30.257665
 0.990000 7.755675 15.838678
 0.995000 7.797714 0.930907
 1.000000 7.764883 -14.037024
