#! FIELDS cmap hh dhh_cmap
#! SET normalisation  99999.000000
#! SET min_cmap 0
#! SET max_cmap 1
#! SET nbins_cmap  200
#! SET periodic_cmap false
 0.000000 0.000000 0.000000
 0.005000 0.000000 0.000000
 0.010000 0.000000 0.000000
 0.015000 0.000000 0.000000
 0.020000 0.000000 0.000000
 0.025000 0.000000 0.000000
 0.030000 0.000000 0.000000
 0.035000 0.000000 0.000000
 0.040000 0.000000 0.000000
 0.045000 0.000000 0.000000
 0.050000 0.000000 0.000000
 0.055000 0.000000 0.000000
 0.060000 0.000000 0.000000
 0.065000 0.000000 0.000000
 0.070000 0.000000 0.000000
 0.075000 0.000000 0.000000
 0.080000 0.000000 0.000000
 0.085000 0.000000 0.000000
 0.090000 0.000000 0.000000
 0.095000 0.000000 0.000000
 0.100000 0.000000 0.000000
 0.105000 0.000000 0.000000
 0.110000 0.000000 0.000000
 0.115000 0.000000 0.000000
 0.120000 0.000000 0.000000
 0.125000 0.000000 0.000000
 0.130000 0.000000 0.000000
 0.135000 0.000000 0.000000
 0.140000 0.000000 0.000000
 0.145000 0.000000 0.000000
 0.150000 0.000000 0.000000
 0.155000 0.000000 0.000000
 0.160000 0.000000 0.000000
 0.165000 0.000000 0.000000
 0.170000 0.000000 0.000000
 0.175000 0.000000 0.000000
 0.180000 0.000000 0.000000
 0.185000 0.000000 0.000000
 0.190000 0.000000 0.000000
 0.195000 0.000000 0.000000
 0.200000 0.000000 0.000000
 0.205000 0.000000 0.000000
 0.210000 0.000000 0.000000
 0.215000 0.000000 0.000000
 0.220000 0.000000 0.000000
 0.225000 0.000000 0.000000
 0.230000 0.000000 0.000000
 0.235000 0.000000 0.000000
 0.240000 0.000000 0.000000
 0.245000 0.000000 0.000000
 0.250000 0.000000 0.000000
 0.255000 0.000000 0.000000
 0.260000 0.000000 0.000000
 0.265000 0.000000 0.000000
 0.270000 0.000000 0.000000
 0.275000 0.000000 0.000000
 0.280000 0.000000 0.000000
 0.285000 0.000000 0.000000
 0.290000 0.000000 0.000000
 0.295000 0.000000 0.000000
 0.300000 0.000000 0.000000
 0.305000 0.000000 0.000000
 0.310000 0.000000 0.000000
 0.315000 0.000000 0.000000
 0.320000 0.000000 0.000000
 0.325000 0.000000 0.000000
 0.330000 0.000000 0.000007
 0.335000 0.000000 0.000010
 0.340000 0.000000 0.000014
 0.345000 0.000000 0.000019
 0.350000 0.000000 0.000025
 0.355000 0.000001 0.000034
 0.360000 0.000001 0.000045
 0.365000 0.000001 0.000058
 0.370000 0.000001 0.000075
 0.375000 0.000002 0.000097
 0.380000 0.000002 0.000122
 0.385000 0.000003 0.000153
 0.390000 0.000004 0.000189
 0.395000 0.000005 0.000230
 0.400000 0.000006 0.000278
 0.405000 0.000008 0.000332
 0.410000 0.000009 0.000391
 0.415000 0.000012 0.000455
 0.420000 0.000014 0.000523
 0.425000 0.000017 0.000593
 0.430000 0.000020 0.000664
 0.435000 0.000023 0.000734
 0.440000 0.000027 0.000799
 0.445000 0.000031 0.000858
 0.450000 0.000036 0.000907
 0.455000 0.000040 0.000943
 0.460000 0.000045 0.000964
 0.465000 0.000050 0.000973
 0.470000 0.000055 0.000958
 0.475000 0.000060 0.000937
 0.480000 0.000065 0.000896
 0.485000 0.000069 0.000830
 0.490000 0.000073 0.000759
 0.495000 0.000077 0.000684
 0.500000 0.000080 0.000618
 0.505000 0.000083 0.000553
 0.510000 0.000086 0.000514
 0.515000 0.000089 0.000529
 0.520000 0.000092 0.000560
 0.525000 0.000095 0.000660
 0.530000 0.000099 0.000834
 0.535000 0.000105 0.001113
 0.540000 0.000111 0.001497
 0.545000 0.000121 0.002041
 0.550000 0.000133 0.002689
 0.555000 0.000149 0.003531
 0.560000 0.000169 0.004532
 0.565000 0.000195 0.005732
 0.570000 0.000227 0.007146
 0.575000 0.000267 0.008765
 0.580000 0.000316 0.010606
 0.585000 0.000374 0.012690
 0.590000 0.000444 0.014995
 0.595000 0.000526 0.017546
 0.600000 0.000621 0.020308
 0.605000 0.000730 0.023242
 0.610000 0.000855 0.026353
 0.615000 0.000995 0.029597
 0.620000 0.001152 0.032912
 0.625000 0.001326 0.036322
 0.630000 0.001516 0.039695
 0.635000 0.001724 0.043049
 0.640000 0.001948 0.046292
 0.645000 0.002188 0.049397
 0.650000 0.002443 0.052315
 0.655000 0.002712 0.054997
 0.660000 0.002994 0.057453
 0.665000 0.003288 0.059638
 0.670000 0.003593 0.061581
 0.675000 0.003906 0.063250
 0.680000 0.004228 0.064719
 0.685000 0.004557 0.066025
 0.690000 0.004892 0.067175
 0.695000 0.005233 0.068308
 0.700000 0.005579 0.069439
 0.705000 0.005931 0.070703
 0.710000 0.006290 0.072204
 0.715000 0.006659 0.074119
 0.720000 0.007040 0.076583
 0.725000 0.007435 0.079714
 0.730000 0.007850 0.083754
 0.735000 0.008287 0.088781
 0.740000 0.008756 0.095176
 0.745000 0.009265 0.103247
 0.750000 0.009821 0.113176
 0.755000 0.010443 0.125972
 0.760000 0.011145 0.142112
 0.765000 0.011934 0.161519
 0.770000 0.012849 0.186300
 0.775000 0.013902 0.216414
 0.780000 0.015161 0.255693
 0.785000 0.016680 0.306857
 0.790000 0.018495 0.370609
 0.795000 0.021171 0.485752
 0.800000 0.024238 0.614138
 0.805000 0.028009 0.774574
 0.810000 0.033166 1.011066
 0.815000 0.044964 1.703937
 0.820000 0.054622 2.178203
 0.825000 0.066960 2.780499
 0.830000 0.082688 3.539781
 0.835000 0.102674 4.489216
 0.840000 0.127959 5.666073
 0.845000 0.159781 7.111106
 0.850000 0.199589 8.867713
 0.855000 0.249052 10.980484
 0.860000 0.310060 13.493192
 0.865000 0.384717 16.446225
 0.870000 0.475313 19.873404
 0.875000 0.584281 23.798308
 0.880000 0.714141 28.230107
 0.885000 0.867411 33.159104
 0.890000 1.046507 38.552607
 0.895000 1.253612 44.350703
 0.900000 1.490539 50.463134
 0.905000 1.758564 56.767121
 0.910000 2.058270 63.106935
 0.915000 2.389381 69.295131
 0.920000 2.750610 75.116536
 0.925000 3.139539 80.333935
 0.930000 3.552525 84.696884
 0.935000 3.984661 87.952201
 0.940000 4.429793 89.856480
 0.945000 4.880605 90.189789
 0.950000 5.328765 88.769610
 0.955000 5.765154 85.464149
 0.960000 6.180144 80.204250
 0.965000 6.563937 72.992392
 0.970000 6.906941 63.908444
 0.975000 7.200160 53.111207
 0.980000 7.435583 40.835195
 0.985000 7.606547 27.382958
 0.990000 7.708046 13.113103
 0.995000 7.736977 -1.575810
 1.000000 7.692289 -16.263349
