#! FIELDS cmap hh dhh_cmap
#! SET normalisation  99999.000000
#! SET min_cmap 0
#! SET max_cmap 1
#! SET nbins_cmap  200
#! SET periodic_cmap false
 0.000000 0.165536 0.481760
 0.005000 0.167134 0.155771
 0.010000 0.167087 -0.174520
 0.015000 0.165398 -0.499326
 0.020000 0.162119 -0.809137
 0.025000 0.157346 -1.095186
 0.030000 0.151219 -1.349861
 0.035000 0.143910 -1.567036
 0.040000 0.135619 -1.742311
 0.045000 0.126561 -1.873133
 0.050000 0.116963 -1.958815
 0.055000 0.107047 -2.000431
 0.060000 0.097028 -2.000639
 0.065000 0.087103 -1.963409
 0.070000 0.077448 -1.893715
 0.075000 0.068211 -1.797190
 0.080000 0.059511 -1.679814
 0.085000 0.051437 -1.547560
 0.090000 0.044050 -1.406144
 0.095000 0.037382 -1.260791
 0.100000 0.031441 -1.116072
 0.105000 0.026214 -0.975798
 0.110000 0.021671 -0.842973
 0.115000 0.017768 -0.719803
 0.120000 0.014454 -0.607729
 0.125000 0.011671 -0.507538
 0.130000 0.009359 -0.419421
 0.135000 0.007457 -0.343109
 0.140000 0.005909 -0.277978
 0.145000 0.004660 -0.223154
 0.150000 0.003662 -0.177608
 0.155000 0.002871 -0.140238
 0.160000 0.002248 -0.109935
 0.165000 0.001761 -0.085632
 0.170000 0.001383 -0.066336
 0.175000 0.001091 -0.051157
 0.180000 0.000866 -0.039311
 0.185000 0.000666 -0.028124
 0.190000 0.000360 -0.008291
 0.195000 0.000320 -0.007081
 0.200000 0.000286 -0.005920
 0.205000 0.000258 -0.004966
 0.210000 0.000235 -0.004134
 0.215000 0.000216 -0.003361
 0.220000 0.000200 -0.002681
 0.225000 0.000188 -0.002086
 0.230000 0.000179 -0.001567
 0.235000 0.000172 -0.001138
 0.240000 0.000167 -0.000805
 0.245000 0.000163 -0.000505
 0.250000 0.000161 -0.000333
 0.255000 0.000159 -0.000206
 0.260000 0.000158 -0.000141
 0.265000 0.000157 -0.000148
 0.270000 0.000156 -0.000197
 0.275000 0.000155 -0.000275
 0.280000 0.000154 -0.000374
 0.285000 0.000151 -0.000502
 0.290000 0.000148 -0.000644
 0.295000 0.000145 -0.000791
 0.300000 0.000140 -0.000943
 0.305000 0.000135 -0.001083
 0.310000 0.000129 -0.001204
 0.315000 0.000123 -0.001296
 0.320000 0.000116 -0.001369
 0.325000 0.000109 -0.001413
 0.330000 0.000102 -0.001418
 0.335000 0.000095 -0.001401
 0.340000 0.000088 -0.001344
 0.345000 0.000082 -0.001268
 0.350000 0.000075 -0.001164
 0.355000 0.000070 -0.001036
 0.360000 0.000065 -0.000879
 0.365000 0.000061 -0.000713
 0.370000 0.000058 -0.000536
 0.375000 0.000056 -0.000352
 0.380000 0.000055 -0.000168
 0.385000 0.000054 0.000012
 0.390000 0.000055 0.000183
 0.395000 0.000056 0.000341
 0.400000 0.000058 0.000482
 0.405000 0.000061 0.000603
 0.410000 0.000064 0.000702
 0.415000 0.000068 0.000784
 0.420000 0.000072 0.000837
 0.425000 0.000076 0.000867
 0.430000 0.000081 0.000876
 0.435000 0.000085 0.000865
 0.440000 0.000089 0.000853
 0.445000 0.000093 0.000814
 0.450000 0.000097 0.000774
 0.455000 0.000101 0.000727
 0.460000 0.000105 0.000682
 0.465000 0.000108 0.000643
 0.470000 0.000111 0.000614
 0.475000 0.000114 0.000597
 0.480000 0.000117 0.000594
 0.485000 0.000120 0.000616
 0.490000 0.000123 0.000652
 0.495000 0.000127 0.000729
 0.500000 0.000131 0.000811
 0.505000 0.000135 0.000924
 0.510000 0.000140 0.001052
 0.515000 0.000146 0.001221
 0.520000 0.000153 0.001412
 0.525000 0.000161 0.001639
 0.530000 0.000170 0.001909
 0.535000 0.000181 0.002201
 0.540000 0.000192 0.002529
 0.545000 0.000207 0.002947
 0.550000 0.000223 0.003411
 0.555000 0.000241 0.003933
 0.560000 0.000263 0.004556
 0.565000 0.000288 0.005285
 0.570000 0.000316 0.006108
 0.575000 0.000349 0.007045
 0.580000 0.000387 0.008096
 0.585000 0.000431 0.009292
 0.590000 0.000481 0.010641
 0.595000 0.000538 0.012113
 0.600000 0.000603 0.013768
 0.605000 0.000677 0.015586
 0.610000 0.000761 0.017563
 0.615000 0.000854 0.019660
 0.620000 0.000959 0.021881
 0.625000 0.001075 0.024227
 0.630000 0.001203 0.026682
 0.635000 0.001344 0.029238
 0.640000 0.001497 0.031840
 0.645000 0.001664 0.034462
 0.650000 0.001845 0.037159
 0.655000 0.002038 0.039823
 0.660000 0.002245 0.042497
 0.665000 0.002465 0.045162
 0.670000 0.002699 0.047881
 0.675000 0.002948 0.050674
 0.680000 0.003209 0.053491
 0.685000 0.003485 0.056413
 0.690000 0.003776 0.059542
 0.695000 0.004084 0.062976
 0.700000 0.004411 0.066739
 0.705000 0.004757 0.070909
 0.710000 0.005126 0.075627
 0.715000 0.005521 0.080972
 0.720000 0.005946 0.087080
 0.725000 0.006405 0.094084
 0.730000 0.006902 0.102092
 0.735000 0.007442 0.111144
 0.740000 0.008031 0.121334
 0.745000 0.008679 0.133170
 0.750000 0.009394 0.146747
 0.755000 0.010192 0.162854
 0.760000 0.011082 0.181755
 0.765000 0.012077 0.203734
 0.770000 0.013207 0.230463
 0.775000 0.014485 0.262084
 0.780000 0.015973 0.302134
 0.785000 0.017729 0.353845
 0.790000 0.019770 0.416653
 0.795000 0.022689 0.531727
 0.800000 0.025979 0.658511
 0.805000 0.029968 0.816986
 0.810000 0.035286 1.047807
 0.815000 0.047105 1.725211
 0.820000 0.056846 2.190004
 0.825000 0.069214 2.780386
 0.830000 0.084906 3.524757
 0.835000 0.104772 4.455636
 0.840000 0.129834 5.609469
 0.845000 0.161304 7.026123
 0.850000 0.200603 8.747967
 0.855000 0.249365 10.818479
 0.860000 0.309440 13.280308
 0.865000 0.382885 16.172670
 0.870000 0.471939 19.528408
 0.875000 0.578980 23.370218
 0.880000 0.706466 27.706698
 0.885000 0.856856 32.528002
 0.890000 1.032501 37.801688
 0.895000 1.235529 43.468762
 0.900000 1.467698 49.440514
 0.905000 1.730243 55.596577
 0.910000 2.023718 61.784403
 0.915000 2.347835 67.820529
 0.920000 2.701320 73.494409
 0.925000 3.081789 78.574320
 0.930000 3.485664 82.815580
 0.935000 3.908134 85.971077
 0.940000 4.343168 87.803506
 0.945000 4.783604 88.098597
 0.950000 5.221293 86.678867
 0.955000 5.647317 83.416541
 0.960000 6.052272 78.245061
 0.965000 6.426587 71.168062
 0.970000 6.760902 62.264682
 0.975000 7.046444 51.691047
 0.980000 7.275407 39.677170
 0.985000 7.441305 26.519404
 0.990000 7.539275 12.568532
 0.995000 7.566314 -1.785733
 1.000000 7.521427 -16.132775
