#! FIELDS cmap hh dhh_cmap
#! SET normalisation  99999.000000
#! SET min_cmap 0
#! SET max_cmap 1
#! SET nbins_cmap  200
#! SET periodic_cmap false
 0.000000 0.000000 0.000000
 0.005000 0.000000 0.000000
 0.010000 0.000000 0.000000
 0.015000 0.000000 0.000000
 0.020000 0.000000 0.000000
 0.025000 0.000000 0.000000
 0.030000 0.000000 0.000000
 0.035000 0.000000 0.000000
 0.040000 0.000000 0.000000
 0.045000 0.000000 0.000000
 0.050000 0.000000 0.000000
 0.055000 0.000000 0.000000
 0.060000 0.000000 0.000000
 0.065000 0.000000 0.000000
 0.070000 0.000000 0.000000
 0.075000 0.000000 0.000000
 0.080000 0.000000 0.000000
 0.085000 0.000000 0.000000
 0.090000 0.000000 0.000000
 0.095000 0.000000 0.000000
 0.100000 0.000000 0.000000
 0.105000 0.000000 0.000000
 0.110000 0.000000 0.000000
 0.115000 0.000000 0.000000
 0.120000 0.000000 0.000000
 0.125000 0.000000 0.000000
 0.130000 0.000000 0.000000
 0.135000 0.000000 0.000000
 0.140000 0.000000 0.000000
 0.145000 0.000000 0.000000
 0.150000 0.000000 0.000000
 0.155000 0.000000 0.000000
 0.160000 0.000000 0.000000
 0.165000 0.000000 0.000000
 0.170000 0.000000 0.000000
 0.175000 0.000000 0.000000
 0.180000 0.000000 0.000000
 0.185000 0.000000 0.000000
 0.190000 0.000000 0.000000
 0.195000 0.000000 0.000000
 0.200000 0.000000 0.000000
 0.205000 0.000000 0.000000
 0.210000 0.000000 0.000000
 0.215000 0.000000 0.000000
 0.220000 0.000000 0.000000
 0.225000 0.000000 0.000000
 0.230000 0.000000 0.000000
 0.235000 0.000000 0.000000
 0.240000 0.000000 0.000000
 0.245000 0.000000 0.000000
 0.250000 0.000000 0.000000
 0.255000 0.000000 0.000000
 0.260000 0.000000 0.000000
 0.265000 0.000000 0.000000
 0.270000 0.000000 0.000000
 0.275000 0.000000 0.000000
 0.280000 0.000000 0.000000
 0.285000 0.000000 0.000000
 0.290000 0.000000 0.000000
 0.295000 0.000000 0.000000
 0.300000 0.000000 0.000000
 0.305000 0.000000 0.000000
 0.310000 0.000000 0.000000
 0.315000 0.000000 0.000000
 0.320000 0.000000 0.000000
 0.325000 0.000000 0.000000
 0.330000 0.000000 0.000000
 0.335000 0.000000 0.000000
 0.340000 0.000000 0.000000
 0.345000 0.000000 0.000000
 0.350000 0.000000 0.000000
 0.355000 0.000000 0.000000
 0.360000 0.000000 0.000000
 0.365000 0.000000 0.000000
 0.370000 0.000000 0.000000
 0.375000 0.000000 0.000000
 0.380000 0.000000 0.000000
 0.385000 0.000000 0.000000
 0.390000 0.000000 0.000000
 0.395000 0.000000 0.000000
 0.400000 0.000000 0.000000
 0.405000 0.000000 0.000000
 0.410000 0.000000 0.000000
 0.415000 0.000000 0.000000
 0.420000 0.000000 0.000000
 0.425000 0.000000 0.000008
 0.430000 0.000000 0.000011
 0.435000 0.000000 0.000015
 0.440000 0.000000 0.000020
 0.445000 0.000001 0.000041
 0.450000 0.000001 0.000055
 0.455000 0.000001 0.000082
 0.460000 0.000002 0.000110
 0.465000 0.000002 0.000152
 0.470000 0.000003 0.000207
 0.475000 0.000005 0.000269
 0.480000 0.000006 0.000347
 0.485000 0.000008 0.000442
 0.490000 0.000011 0.000563
 0.495000 0.000014 0.000712
 0.500000 0.000019 0.000922
 0.505000 0.000024 0.001166
 0.510000 0.000031 0.001445
 0.515000 0.000039 0.001774
 0.520000 0.000049 0.002179
 0.525000 0.000061 0.002638
 0.530000 0.000076 0.003175
 0.535000 0.000094 0.003786
 0.540000 0.000115 0.004474
 0.545000 0.000139 0.005274
 0.550000 0.000168 0.006155
 0.555000 0.000201 0.007137
 0.560000 0.000240 0.008234
 0.565000 0.000285 0.009452
 0.570000 0.000336 0.010794
 0.575000 0.000394 0.012267
 0.580000 0.000459 0.013870
 0.585000 0.000533 0.015598
 0.590000 0.000616 0.017480
 0.595000 0.000709 0.019503
 0.600000 0.000813 0.021645
 0.605000 0.000927 0.023905
 0.610000 0.001053 0.026275
 0.615000 0.001191 0.028737
 0.620000 0.001342 0.031303
 0.625000 0.001505 0.033923
 0.630000 0.001682 0.036565
 0.635000 0.001873 0.039267
 0.640000 0.002076 0.041927
 0.645000 0.002293 0.044527
 0.650000 0.002523 0.047086
 0.655000 0.002766 0.049604
 0.660000 0.003021 0.052014
 0.665000 0.003288 0.054330
 0.670000 0.003567 0.056560
 0.675000 0.003855 0.058650
 0.680000 0.004155 0.060746
 0.685000 0.004467 0.062850
 0.690000 0.004788 0.064929
 0.695000 0.005119 0.067062
 0.700000 0.005462 0.069327
 0.705000 0.005816 0.071752
 0.710000 0.006185 0.074495
 0.715000 0.006569 0.077640
 0.720000 0.006970 0.081189
 0.725000 0.007390 0.085247
 0.730000 0.007835 0.090160
 0.735000 0.008309 0.095977
 0.740000 0.008817 0.102976
 0.745000 0.009366 0.111380
 0.750000 0.009963 0.121468
 0.755000 0.010627 0.134171
 0.760000 0.011366 0.149845
 0.765000 0.012194 0.168855
 0.770000 0.013144 0.192985
 0.775000 0.014234 0.222874
 0.780000 0.015523 0.261599
 0.785000 0.017075 0.312738
 0.790000 0.018916 0.376212
 0.795000 0.021629 0.492261
 0.800000 0.024737 0.622082
 0.805000 0.028557 0.784553
 0.810000 0.033769 1.023687
 0.815000 0.045616 1.718337
 0.820000 0.055355 2.196414
 0.825000 0.067795 2.803335
 0.830000 0.083651 3.568041
 0.835000 0.103793 4.523640
 0.840000 0.129267 5.707257
 0.845000 0.161313 7.159522
 0.850000 0.201382 8.923615
 0.855000 0.251143 11.043860
 0.860000 0.312486 13.563717
 0.865000 0.387512 16.523271
 0.870000 0.478507 19.955951
 0.875000 0.587899 23.884935
 0.880000 0.718199 28.319019
 0.885000 0.871915 33.248233
 0.890000 1.051451 38.639435
 0.895000 1.258980 44.432481
 0.900000 1.496296 50.536873
 0.905000 1.764664 56.829734
 0.910000 2.064649 63.155312
 0.915000 2.395960 69.326302
 0.920000 2.757297 75.127693
 0.925000 3.146226 80.322730
 0.930000 3.559096 84.661426
 0.935000 3.990991 87.891232
 0.940000 4.435753 89.769531
 0.945000 4.886065 90.077196
 0.950000 5.333601 88.632572
 0.955000 5.769248 85.304842
 0.960000 6.183391 80.025666
 0.965000 6.566251 72.798334
 0.970000 6.908256 63.703425
 0.975000 7.200433 52.900223
 0.980000 7.434797 40.623579
 0.985000 7.604713 27.176192
 0.990000 7.705201 12.916404
 0.995000 7.733184 -1.757467
 1.000000 7.687634 -16.425605
