#! FIELDS cmap hh dhh_cmap
#! SET normalisation  99999.000000
#! SET min_cmap 0
#! SET max_cmap 1
#! SET nbins_cmap  200
#! SET periodic_cmap false
 0.000000 0.020890 0.062108
 0.005000 0.021099 0.021090
 0.010000 0.021100 -0.020495
 0.015000 0.020895 -0.061416
 0.020000 0.020489 -0.100473
 0.025000 0.019895 -0.136561
 0.030000 0.019130 -0.168718
 0.035000 0.018216 -0.196168
 0.040000 0.017178 -0.218345
 0.045000 0.016042 -0.234937
 0.050000 0.014838 -0.245846
 0.055000 0.013593 -0.251204
 0.060000 0.012334 -0.251340
 0.065000 0.011087 -0.246752
 0.070000 0.009874 -0.238064
 0.075000 0.008712 -0.225984
 0.080000 0.007618 -0.211262
 0.085000 0.006603 -0.194652
 0.090000 0.005674 -0.176874
 0.095000 0.004835 -0.158586
 0.100000 0.004088 -0.140366
 0.105000 0.003430 -0.122696
 0.110000 0.002859 -0.105956
 0.115000 0.002369 -0.090426
 0.120000 0.001953 -0.076290
 0.125000 0.001603 -0.063650
 0.130000 0.001314 -0.052532
 0.135000 0.001076 -0.042906
 0.140000 0.000882 -0.034694
 0.145000 0.000726 -0.027789
 0.150000 0.000602 -0.022064
 0.155000 0.000504 -0.017383
 0.160000 0.000427 -0.013606
 0.165000 0.000367 -0.010602
 0.170000 0.000320 -0.008245
 0.175000 0.000283 -0.006423
 0.180000 0.000255 -0.005037
 0.185000 0.000229 -0.003746
 0.190000 0.000189 -0.001401
 0.195000 0.000182 -0.001381
 0.200000 0.000175 -0.001379
 0.205000 0.000168 -0.001418
 0.210000 0.000160 -0.001458
 0.215000 0.000153 -0.001499
 0.220000 0.000145 -0.001557
 0.225000 0.000137 -0.001611
 0.230000 0.000129 -0.001656
 0.235000 0.000121 -0.001682
 0.240000 0.000112 -0.001704
 0.245000 0.000103 -0.001703
 0.250000 0.000095 -0.001695
 0.255000 0.000087 -0.001670
 0.260000 0.000078 -0.001627
 0.265000 0.000070 -0.001569
 0.270000 0.000063 -0.001496
 0.275000 0.000055 -0.001405
 0.280000 0.000049 -0.001313
 0.285000 0.000042 -0.001213
 0.290000 0.000036 -0.001108
 0.295000 0.000031 -0.001002
 0.300000 0.000026 -0.000895
 0.305000 0.000022 -0.000785
 0.310000 0.000018 -0.000688
 0.315000 0.000015 -0.000596
 0.320000 0.000012 -0.000510
 0.325000 0.000010 -0.000432
 0.330000 0.000008 -0.000362
 0.335000 0.000006 -0.000300
 0.340000 0.000005 -0.000246
 0.345000 0.000004 -0.000200
 0.350000 0.000003 -0.000160
 0.355000 0.000002 -0.000120
 0.360000 0.000002 -0.000095
 0.365000 0.000001 -0.000074
 0.370000 0.000001 -0.000057
 0.375000 0.000001 -0.000044
 0.380000 0.000001 -0.000033
 0.385000 0.000000 -0.000025
 0.390000 0.000000 -0.000018
 0.395000 0.000000 -0.000013
 0.400000 0.000000 -0.000010
 0.405000 0.000000 0.000000
 0.410000 0.000000 0.000000
 0.415000 0.000000 0.000000
 0.420000 0.000000 0.000000
 0.425000 0.000000 0.000000
 0.430000 0.000000 0.000000
 0.435000 0.000000 0.000000
 0.440000 0.000000 0.000000
 0.445000 0.000000 0.000000
 0.450000 0.000000 0.000000
 0.455000 0.000000 0.000007
 0.460000 0.000000 0.000009
 0.465000 0.000000 0.000013
 0.470000 0.000000 0.000018
 0.475000 0.000000 0.000024
 0.480000 0.000001 0.000049
 0.485000 0.000001 0.000075
 0.490000 0.000002 0.000100
 0.495000 0.000002 0.000132
 0.500000 0.000003 0.000174
 0.505000 0.000004 0.000249
 0.510000 0.000006 0.000337
 0.515000 0.000008 0.000433
 0.520000 0.000010 0.000568
 0.525000 0.000014 0.000732
 0.530000 0.000018 0.000919
 0.535000 0.000023 0.001143
 0.540000 0.000030 0.001425
 0.545000 0.000038 0.001749
 0.550000 0.000048 0.002134
 0.555000 0.000060 0.002587
 0.560000 0.000074 0.003115
 0.565000 0.000091 0.003688
 0.570000 0.000111 0.004337
 0.575000 0.000135 0.005066
 0.580000 0.000163 0.005882
 0.585000 0.000195 0.006782
 0.590000 0.000231 0.007760
 0.595000 0.000273 0.008793
 0.600000 0.000320 0.009948
 0.605000 0.000374 0.011152
 0.610000 0.000433 0.012451
 0.615000 0.000500 0.013803
 0.620000 0.000572 0.015216
 0.625000 0.000652 0.016671
 0.630000 0.000740 0.018223
 0.635000 0.000837 0.019916
 0.640000 0.000942 0.021663
 0.645000 0.001055 0.023500
 0.650000 0.001178 0.025431
 0.655000 0.001311 0.027541
 0.660000 0.001455 0.029797
 0.665000 0.001612 0.032271
 0.670000 0.001782 0.034996
 0.675000 0.001965 0.037963
 0.680000 0.002164 0.041156
 0.685000 0.002379 0.044672
 0.690000 0.002614 0.048557
 0.695000 0.002868 0.052755
 0.700000 0.003146 0.057414
 0.705000 0.003448 0.062546
 0.710000 0.003779 0.068210
 0.715000 0.004138 0.074230
 0.720000 0.004529 0.080827
 0.725000 0.004956 0.088025
 0.730000 0.005422 0.095909
 0.735000 0.005931 0.104559
 0.740000 0.006488 0.114184
 0.745000 0.007099 0.125075
 0.750000 0.007768 0.137216
 0.755000 0.008516 0.151865
 0.760000 0.009351 0.169308
 0.765000 0.010274 0.189154
 0.770000 0.011327 0.214088
 0.775000 0.012518 0.243899
 0.780000 0.013914 0.282666
 0.785000 0.015566 0.332854
 0.790000 0.017502 0.394933
 0.795000 0.020317 0.510129
 0.800000 0.023503 0.637456
 0.805000 0.027398 0.797597
 0.810000 0.032665 1.033435
 0.815000 0.044541 1.723597
 0.820000 0.054295 2.197095
 0.825000 0.066725 2.798751
 0.830000 0.082544 3.557470
 0.835000 0.102617 4.506354
 0.840000 0.127986 5.682527
 0.845000 0.159888 7.126634
 0.850000 0.199771 8.881864
 0.855000 0.249299 10.992597
 0.860000 0.310362 13.502398
 0.865000 0.385056 16.451439
 0.870000 0.475665 19.873360
 0.875000 0.584617 23.791482
 0.880000 0.714422 28.214776
 0.885000 0.867591 33.133500
 0.890000 1.046529 38.514778
 0.895000 1.253411 44.298665
 0.900000 1.490038 50.394944
 0.905000 1.757679 56.680991
 0.910000 2.056907 63.001229
 0.915000 2.387438 69.168632
 0.920000 2.747981 74.968348
 0.925000 3.136114 80.163782
 0.930000 3.548195 84.505041
 0.935000 3.979319 87.739736
 0.940000 4.423342 89.625290
 0.945000 4.872956 89.942615
 0.950000 5.319847 88.510017
 0.955000 5.754916 85.196555
 0.960000 6.168559 79.933752
 0.965000 6.551004 72.724815
 0.970000 6.892691 63.649933
 0.975000 7.184653 52.868149
 0.980000 7.418913 40.613877
 0.985000 7.588837 27.189386
 0.990000 7.689450 12.952591
 0.995000 7.717670 -1.698610
 1.000000 7.672469 -16.344941
