#! FIELDS cmap hh dhh_cmap
#! SET normalisation  99999.000000
#! SET min_cmap 0
#! SET max_cmap 1
#! SET nbins_cmap  200
#! SET periodic_cmap false
 0.000000 0.168803 0.468129
 0.005000 0.170314 0.134865
 0.010000 0.170146 -0.202140
 0.015000 0.168303 -0.532881
 0.020000 0.164843 -0.847686
 0.025000 0.159868 -1.137652
 0.030000 0.153521 -1.395084
 0.035000 0.145982 -1.613829
 0.040000 0.137455 -1.789508
 0.045000 0.128163 -1.919640
 0.050000 0.118335 -2.003644
 0.055000 0.108201 -2.042742
 0.060000 0.097978 -2.039754
 0.065000 0.087867 -1.998827
 0.070000 0.078045 -1.925115
 0.075000 0.068661 -1.824430
 0.080000 0.059835 -1.702895
 0.085000 0.051656 -1.566625
 0.090000 0.044184 -1.421445
 0.095000 0.037448 -1.272662
 0.100000 0.031455 -1.124903
 0.105000 0.026191 -0.982007
 0.110000 0.021622 -0.846987
 0.115000 0.017704 -0.722033
 0.120000 0.014382 -0.608568
 0.125000 0.011598 -0.507327
 0.130000 0.009289 -0.418464
 0.135000 0.007393 -0.341662
 0.140000 0.005853 -0.276251
 0.145000 0.004613 -0.221314
 0.150000 0.003624 -0.175784
 0.155000 0.002842 -0.138527
 0.160000 0.002227 -0.108407
 0.165000 0.001747 -0.084335
 0.170000 0.001375 -0.065304
 0.175000 0.001087 -0.050409
 0.180000 0.000866 -0.038860
 0.185000 0.000663 -0.027621
 0.190000 0.000358 -0.008227
 0.195000 0.000318 -0.007418
 0.200000 0.000281 -0.006572
 0.205000 0.000250 -0.005936
 0.210000 0.000221 -0.005362
 0.215000 0.000196 -0.004837
 0.220000 0.000173 -0.004321
 0.225000 0.000152 -0.003877
 0.230000 0.000133 -0.003454
 0.235000 0.000117 -0.003087
 0.240000 0.000102 -0.002754
 0.245000 0.000089 -0.002441
 0.250000 0.000077 -0.002154
 0.255000 0.000067 -0.001873
 0.260000 0.000058 -0.001605
 0.265000 0.000051 -0.001356
 0.270000 0.000045 -0.001113
 0.275000 0.000039 -0.000848
 0.280000 0.000036 -0.000624
 0.285000 0.000033 -0.000392
 0.290000 0.000031 -0.000166
 0.295000 0.000031 0.000068
 0.300000 0.000032 0.000279
 0.305000 0.000034 0.000489
 0.310000 0.000037 0.000697
 0.315000 0.000041 0.000898
 0.320000 0.000046 0.001092
 0.325000 0.000051 0.001279
 0.330000 0.000058 0.001442
 0.335000 0.000066 0.001592
 0.340000 0.000074 0.001707
 0.345000 0.000083 0.001792
 0.350000 0.000092 0.001844
 0.355000 0.000101 0.001856
 0.360000 0.000110 0.001828
 0.365000 0.000119 0.001756
 0.370000 0.000128 0.001639
 0.375000 0.000136 0.001480
 0.380000 0.000142 0.001289
 0.385000 0.000148 0.001050
 0.390000 0.000153 0.000783
 0.395000 0.000156 0.000492
 0.400000 0.000158 0.000188
 0.405000 0.000158 -0.000122
 0.410000 0.000157 -0.000422
 0.415000 0.000154 -0.000707
 0.420000 0.000150 -0.000974
 0.425000 0.000144 -0.001210
 0.430000 0.000138 -0.001410
 0.435000 0.000130 -0.001562
 0.440000 0.000122 -0.001672
 0.445000 0.000114 -0.001725
 0.450000 0.000105 -0.001734
 0.455000 0.000097 -0.001694
 0.460000 0.000088 -0.001600
 0.465000 0.000081 -0.001459
 0.470000 0.000074 -0.001279
 0.475000 0.000068 -0.001059
 0.480000 0.000063 -0.000795
 0.485000 0.000060 -0.000495
 0.490000 0.000059 -0.000161
 0.495000 0.000059 0.000197
 0.500000 0.000061 0.000604
 0.505000 0.000065 0.001042
 0.510000 0.000072 0.001523
 0.515000 0.000082 0.002047
 0.520000 0.000093 0.002597
 0.525000 0.000108 0.003194
 0.530000 0.000126 0.003819
 0.535000 0.000147 0.004488
 0.540000 0.000171 0.005212
 0.545000 0.000199 0.005987
 0.550000 0.000232 0.006814
 0.555000 0.000268 0.007696
 0.560000 0.000309 0.008683
 0.565000 0.000356 0.009735
 0.570000 0.000407 0.010852
 0.575000 0.000464 0.012065
 0.580000 0.000528 0.013409
 0.585000 0.000599 0.014863
 0.590000 0.000679 0.016497
 0.595000 0.000766 0.018196
 0.600000 0.000862 0.020071
 0.605000 0.000968 0.022044
 0.610000 0.001084 0.024131
 0.615000 0.001210 0.026320
 0.620000 0.001348 0.028625
 0.625000 0.001499 0.031066
 0.630000 0.001661 0.033554
 0.635000 0.001836 0.036045
 0.640000 0.002024 0.038608
 0.645000 0.002225 0.041218
 0.650000 0.002439 0.043834
 0.655000 0.002666 0.046439
 0.660000 0.002906 0.049060
 0.665000 0.003159 0.051707
 0.670000 0.003425 0.054380
 0.675000 0.003706 0.057207
 0.680000 0.004002 0.060204
 0.685000 0.004312 0.063366
 0.690000 0.004639 0.066840
 0.695000 0.004985 0.070639
 0.700000 0.005350 0.074851
 0.705000 0.005739 0.079620
 0.710000 0.006153 0.084984
 0.715000 0.006596 0.090992
 0.720000 0.007072 0.097777
 0.725000 0.007583 0.105269
 0.730000 0.008138 0.113859
 0.735000 0.008739 0.123433
 0.740000 0.009394 0.134228
 0.745000 0.010108 0.146415
 0.750000 0.010889 0.160060
 0.755000 0.011752 0.176072
 0.760000 0.012711 0.194922
 0.765000 0.013766 0.216137
 0.770000 0.014955 0.242007
 0.775000 0.016291 0.272840
 0.780000 0.017831 0.311817
 0.785000 0.019633 0.362203
 0.790000 0.021708 0.423209
 0.795000 0.024640 0.535459
 0.800000 0.027944 0.659941
 0.805000 0.031944 0.816442
 0.810000 0.037259 1.045015
 0.815000 0.049051 1.719165
 0.820000 0.058754 2.180752
 0.825000 0.071067 2.767675
 0.830000 0.086687 3.508330
 0.835000 0.106461 4.435236
 0.840000 0.131410 5.584871
 0.845000 0.162747 6.997135
 0.850000 0.201889 8.714423
 0.855000 0.250472 10.780250
 0.860000 0.310344 13.237296
 0.865000 0.383562 16.124924
 0.870000 0.472365 19.475981
 0.875000 0.579132 23.313262
 0.880000 0.706323 27.645436
 0.885000 0.856396 32.462749
 0.890000 1.031706 37.732872
 0.895000 1.234382 43.396903
 0.900000 1.466185 49.366296
 0.905000 1.728354 55.520779
 0.910000 2.021448 61.707854
 0.915000 2.345183 67.744227
 0.920000 2.698289 73.419427
 0.925000 3.078389 78.501797
 0.930000 3.481910 82.746639
 0.935000 3.904046 85.906872
 0.940000 4.338774 87.745163
 0.945000 4.778935 88.047207
 0.950000 5.216386 86.635326
 0.955000 5.642213 83.381656
 0.960000 6.047015 78.219337
 0.965000 6.421225 71.151878
 0.970000 6.755484 62.258100
 0.975000 7.041017 51.693984
 0.980000 7.270018 39.689326
 0.985000 7.435998 26.540285
 0.990000 7.534093 12.597456
 0.995000 7.561294 -1.749684
 1.000000 7.516604 -16.090649
