#! FIELDS cmap hh dhh_cmap
#! SET normalisation  99999.000000
#! SET min_cmap 0
#! SET max_cmap 1
#! SET nbins_cmap  200
#! SET periodic_cmap false
 0.000000 0.165280 0.455494
 0.005000 0.166745 0.128729
 0.010000 0.166562 -0.201657
 0.015000 0.164738 -0.525849
 0.020000 0.161329 -0.834345
 0.025000 0.156436 -1.118417
 0.030000 0.150199 -1.370513
 0.035000 0.142794 -1.584610
 0.040000 0.134423 -1.756412
 0.045000 0.125305 -1.883492
 0.050000 0.115664 -1.965289
 0.055000 0.105725 -2.003010
 0.060000 0.095703 -1.999434
 0.065000 0.085793 -1.958642
 0.070000 0.076170 -1.885703
 0.075000 0.066980 -1.786331
 0.080000 0.058341 -1.666549
 0.085000 0.050338 -1.532367
 0.090000 0.043031 -1.389512
 0.095000 0.036449 -1.243201
 0.100000 0.030597 -1.097979
 0.105000 0.025461 -0.957619
 0.110000 0.021008 -0.825079
 0.115000 0.017194 -0.702508
 0.120000 0.013964 -0.591297
 0.125000 0.011261 -0.492163
 0.130000 0.009022 -0.405247
 0.135000 0.007188 -0.330228
 0.140000 0.005701 -0.266437
 0.145000 0.004507 -0.212959
 0.150000 0.003556 -0.168737
 0.155000 0.002806 -0.132644
 0.160000 0.002218 -0.103554
 0.165000 0.001760 -0.080387
 0.170000 0.001406 -0.062147
 0.175000 0.001132 -0.047939
 0.180000 0.000921 -0.036982
 0.185000 0.000727 -0.026316
 0.190000 0.000430 -0.007490
 0.195000 0.000393 -0.006990
 0.200000 0.000359 -0.006487
 0.205000 0.000327 -0.006031
 0.210000 0.000298 -0.005639
 0.215000 0.000270 -0.005258
 0.220000 0.000245 -0.004896
 0.225000 0.000221 -0.004572
 0.230000 0.000199 -0.004239
 0.235000 0.000178 -0.003920
 0.240000 0.000159 -0.003622
 0.245000 0.000141 -0.003344
 0.250000 0.000125 -0.003074
 0.255000 0.000110 -0.002816
 0.260000 0.000097 -0.002562
 0.265000 0.000085 -0.002303
 0.270000 0.000074 -0.002050
 0.275000 0.000064 -0.001811
 0.280000 0.000056 -0.001576
 0.285000 0.000048 -0.001331
 0.290000 0.000042 -0.001111
 0.295000 0.000037 -0.000897
 0.300000 0.000033 -0.000680
 0.305000 0.000030 -0.000481
 0.310000 0.000028 -0.000283
 0.315000 0.000027 -0.000097
 0.320000 0.000027 0.000086
 0.325000 0.000027 0.000239
 0.330000 0.000029 0.000381
 0.335000 0.000031 0.000509
 0.340000 0.000034 0.000623
 0.345000 0.000037 0.000720
 0.350000 0.000041 0.000798
 0.355000 0.000045 0.000854
 0.360000 0.000050 0.000887
 0.365000 0.000054 0.000897
 0.370000 0.000059 0.000888
 0.375000 0.000063 0.000845
 0.380000 0.000067 0.000778
 0.385000 0.000071 0.000697
 0.390000 0.000074 0.000589
 0.395000 0.000076 0.000474
 0.400000 0.000079 0.000335
 0.405000 0.000080 0.000188
 0.410000 0.000080 0.000038
 0.415000 0.000080 -0.000109
 0.420000 0.000079 -0.000248
 0.425000 0.000078 -0.000375
 0.430000 0.000076 -0.000484
 0.435000 0.000073 -0.000565
 0.440000 0.000070 -0.000626
 0.445000 0.000067 -0.000660
 0.450000 0.000064 -0.000657
 0.455000 0.000060 -0.000629
 0.460000 0.000057 -0.000571
 0.465000 0.000055 -0.000485
 0.470000 0.000053 -0.000366
 0.475000 0.000051 -0.000227
 0.480000 0.000050 -0.000061
 0.485000 0.000051 0.000118
 0.490000 0.000052 0.000320
 0.495000 0.000054 0.000527
 0.500000 0.000057 0.000767
 0.505000 0.000062 0.001011
 0.510000 0.000068 0.001280
 0.515000 0.000075 0.001544
 0.520000 0.000084 0.001821
 0.525000 0.000094 0.002109
 0.530000 0.000105 0.002432
 0.535000 0.000119 0.002789
 0.540000 0.000134 0.003175
 0.545000 0.000151 0.003580
 0.550000 0.000170 0.004044
 0.555000 0.000191 0.004558
 0.560000 0.000216 0.005129
 0.565000 0.000243 0.005806
 0.570000 0.000274 0.006561
 0.575000 0.000310 0.007425
 0.580000 0.000350 0.008392
 0.585000 0.000395 0.009495
 0.590000 0.000446 0.010714
 0.595000 0.000503 0.012064
 0.600000 0.000567 0.013532
 0.605000 0.000639 0.015110
 0.610000 0.000719 0.016813
 0.615000 0.000808 0.018626
 0.620000 0.000907 0.020566
 0.625000 0.001016 0.022639
 0.630000 0.001135 0.024725
 0.635000 0.001265 0.026942
 0.640000 0.001406 0.029225
 0.645000 0.001560 0.031588
 0.650000 0.001724 0.033956
 0.655000 0.001901 0.036417
 0.660000 0.002090 0.038915
 0.665000 0.002292 0.041521
 0.670000 0.002509 0.044289
 0.675000 0.002739 0.047144
 0.680000 0.002983 0.050170
 0.685000 0.003244 0.053403
 0.690000 0.003521 0.056838
 0.695000 0.003815 0.060547
 0.700000 0.004129 0.064561
 0.705000 0.004466 0.068989
 0.710000 0.004825 0.073861
 0.715000 0.005211 0.079169
 0.720000 0.005625 0.085044
 0.725000 0.006072 0.091595
 0.730000 0.006553 0.098775
 0.735000 0.007074 0.106815
 0.740000 0.007643 0.116050
 0.745000 0.008261 0.126351
 0.750000 0.008938 0.138260
 0.755000 0.009687 0.152301
 0.760000 0.010519 0.168998
 0.765000 0.011444 0.188620
 0.770000 0.012488 0.212520
 0.775000 0.013670 0.241506
 0.780000 0.015049 0.278961
 0.785000 0.016680 0.327842
 0.790000 0.018587 0.388292
 0.795000 0.021359 0.501105
 0.800000 0.024487 0.625445
 0.805000 0.028306 0.781891
 0.810000 0.033445 1.010934
 0.815000 0.045087 1.687595
 0.820000 0.054637 2.151386
 0.825000 0.066810 2.741141
 0.830000 0.082306 3.485301
 0.835000 0.101975 4.416436
 0.840000 0.126842 5.571028
 0.845000 0.158124 6.989018
 0.850000 0.197242 8.712818
 0.855000 0.245834 10.785982
 0.860000 0.305755 13.251188
 0.865000 0.379065 16.147801
 0.870000 0.468007 19.508645
 0.875000 0.574963 23.356498
 0.880000 0.702398 27.699923
 0.885000 0.852773 32.529133
 0.890000 1.028446 37.811648
 0.895000 1.231548 43.488441
 0.900000 1.463841 49.470740
 0.905000 1.726564 55.638013
 0.910000 2.020276 61.837480
 0.915000 2.344688 67.885585
 0.920000 2.698529 73.571488
 0.925000 3.079413 78.663127
 0.930000 3.483761 82.915559
 0.935000 3.906756 86.081265
 0.940000 4.342364 87.922586
 0.945000 4.783414 88.224882
 0.950000 5.221747 86.810319
 0.955000 5.648437 83.550809
 0.960000 6.054064 78.379569
 0.965000 6.429047 71.300033
 0.970000 6.764010 62.391284
 0.975000 7.050166 51.809540
 0.980000 7.279696 39.784968
 0.985000 7.446101 26.614185
 0.990000 7.544508 12.648308
 0.995000 7.571905 -1.722604
 1.000000 7.527290 -16.087258
