#! FIELDS cmap hh dhh_cmap
#! SET normalisation  99999.000000
#! SET min_cmap 0
#! SET max_cmap 1
#! SET nbins_cmap  200
#! SET periodic_cmap false
 0.000000 0.000000 0.000000
 0.005000 0.000000 0.000000
 0.010000 0.000000 0.000000
 0.015000 0.000000 0.000000
 0.020000 0.000000 0.000000
 0.025000 0.000000 0.000000
 0.030000 0.000000 0.000000
 0.035000 0.000000 0.000000
 0.040000 0.000000 0.000000
 0.045000 0.000000 0.000000
 0.050000 0.000000 0.000000
 0.055000 0.000000 0.000000
 0.060000 0.000000 0.000000
 0.065000 0.000000 0.000000
 0.070000 0.000000 0.000000
 0.075000 0.000000 0.000000
 0.080000 0.000000 0.000000
 0.085000 0.000000 0.000000
 0.090000 0.000000 0.000000
 0.095000 0.000000 0.000000
 0.100000 0.000000 0.000000
 0.105000 0.000000 0.000000
 0.110000 0.000000 0.000000
 0.115000 0.000000 0.000000
 0.120000 0.000000 0.000000
 0.125000 0.000000 0.000000
 0.130000 0.000000 0.000000
 0.135000 0.000000 0.000000
 0.140000 0.000000 0.000000
 0.145000 0.000000 0.000000
 0.150000 0.000000 0.000000
 0.155000 0.000000 0.000000
 0.160000 0.000000 0.000000
 0.165000 0.000000 0.000000
 0.170000 0.000000 0.000000
 0.175000 0.000000 0.000000
 0.180000 0.000000 0.000000
 0.185000 0.000000 0.000000
 0.190000 0.000000 0.000000
 0.195000 0.000000 0.000000
 0.200000 0.000000 0.000000
 0.205000 0.000000 0.000000
 0.210000 0.000000 0.000000
 0.215000 0.000000 0.000000
 0.220000 0.000000 0.000000
 0.225000 0.000000 0.000000
 0.230000 0.000000 0.000000
 0.235000 0.000000 0.000000
 0.240000 0.000000 0.000000
 0.245000 0.000000 0.000000
 0.250000 0.000000 0.000000
 0.255000 0.000000 0.000000
 0.260000 0.000000 0.000000
 0.265000 0.000000 0.000000
 0.270000 0.000000 0.000000
 0.275000 0.000000 0.000000
 0.280000 0.000000 0.000000
 0.285000 0.000000 0.000000
 0.290000 0.000000 0.000000
 0.295000 0.000000 0.000000
 0.300000 0.000000 0.000000
 0.305000 0.000000 0.000000
 0.310000 0.000000 0.000000
 0.315000 0.000000 0.000000
 0.320000 0.000000 0.000000
 0.325000 0.000000 0.000000
 0.330000 0.000000 0.000000
 0.335000 0.000000 0.000000
 0.340000 0.000000 0.000000
 0.345000 0.000000 0.000000
 0.350000 0.000000 0.000000
 0.355000 0.000000 0.000000
 0.360000 0.000000 0.000000
 0.365000 0.000000 0.000000
 0.370000 0.000000 0.000000
 0.375000 0.000000 0.000000
 0.380000 0.000000 0.000000
 0.385000 0.000000 0.000000
 0.390000 0.000000 0.000000
 0.395000 0.000000 0.000000
 0.400000 0.000000 0.000000
 0.405000 0.000000 0.000000
 0.410000 0.000000 0.000000
 0.415000 0.000000 0.000000
 0.420000 0.000000 0.000000
 0.425000 0.000000 0.000015
 0.430000 0.000000 0.000021
 0.435000 0.000000 0.000029
 0.440000 0.000001 0.000039
 0.445000 0.000001 0.000053
 0.450000 0.000001 0.000071
 0.455000 0.000002 0.000094
 0.460000 0.000002 0.000122
 0.465000 0.000003 0.000158
 0.470000 0.000004 0.000216
 0.475000 0.000005 0.000274
 0.480000 0.000007 0.000345
 0.485000 0.000009 0.000442
 0.490000 0.000011 0.000555
 0.495000 0.000015 0.000688
 0.500000 0.000019 0.000850
 0.505000 0.000023 0.001034
 0.510000 0.000029 0.001260
 0.515000 0.000036 0.001508
 0.520000 0.000045 0.001788
 0.525000 0.000054 0.002107
 0.530000 0.000066 0.002463
 0.535000 0.000079 0.002868
 0.540000 0.000095 0.003310
 0.545000 0.000113 0.003795
 0.550000 0.000133 0.004328
 0.555000 0.000156 0.004913
 0.560000 0.000183 0.005551
 0.565000 0.000213 0.006296
 0.570000 0.000247 0.007061
 0.575000 0.000284 0.007893
 0.580000 0.000326 0.008783
 0.585000 0.000372 0.009734
 0.590000 0.000424 0.010757
 0.595000 0.000481 0.011841
 0.600000 0.000543 0.013000
 0.605000 0.000612 0.014228
 0.610000 0.000687 0.015521
 0.615000 0.000768 0.016867
 0.620000 0.000856 0.018263
 0.625000 0.000952 0.019705
 0.630000 0.001054 0.021181
 0.635000 0.001165 0.022727
 0.640000 0.001283 0.024286
 0.645000 0.001409 0.025898
 0.650000 0.001544 0.027590
 0.655000 0.001687 0.029335
 0.660000 0.001839 0.031174
 0.665000 0.002001 0.033131
 0.670000 0.002173 0.035214
 0.675000 0.002356 0.037458
 0.680000 0.002550 0.039839
 0.685000 0.002758 0.042454
 0.690000 0.002979 0.045369
 0.695000 0.003215 0.048524
 0.700000 0.003469 0.052067
 0.705000 0.003742 0.055996
 0.710000 0.004035 0.060350
 0.715000 0.004352 0.065239
 0.720000 0.004696 0.070708
 0.725000 0.005069 0.076813
 0.730000 0.005478 0.083846
 0.735000 0.005925 0.091852
 0.740000 0.006417 0.101031
 0.745000 0.006963 0.111746
 0.750000 0.007568 0.124206
 0.755000 0.008249 0.139185
 0.760000 0.009022 0.157452
 0.765000 0.009894 0.178958
 0.770000 0.010905 0.205967
 0.775000 0.012065 0.238403
 0.780000 0.013438 0.279858
 0.785000 0.015085 0.333448
 0.790000 0.017036 0.399597
 0.795000 0.019864 0.517579
 0.800000 0.023102 0.649454
 0.805000 0.027069 0.814235
 0.810000 0.032429 1.054672
 0.815000 0.044447 1.751478
 0.820000 0.054354 2.230663
 0.825000 0.066967 2.838256
 0.830000 0.082998 3.603132
 0.835000 0.103315 4.558385
 0.840000 0.128961 5.741082
 0.845000 0.161173 7.191854
 0.850000 0.201398 8.953906
 0.855000 0.251304 11.071550
 0.860000 0.312778 13.588326
 0.865000 0.387919 16.544369
 0.870000 0.479010 19.973232
 0.875000 0.588479 23.898246
 0.880000 0.718835 28.328293
 0.885000 0.872588 33.253560
 0.890000 1.052142 38.641118
 0.895000 1.259671 44.430973
 0.900000 1.496974 50.532816
 0.905000 1.765316 56.823912
 0.910000 2.065270 63.148624
 0.915000 2.396548 69.319794
 0.920000 2.757855 75.122449
 0.925000 3.146764 80.319823
 0.930000 3.559627 84.661934
 0.935000 3.991535 87.896018
 0.940000 4.436334 89.779352
 0.945000 4.886709 90.092579
 0.950000 5.334336 88.653789
 0.955000 5.770104 85.331836
 0.960000 6.184397 80.058073
 0.965000 6.567431 72.835507
 0.970000 6.909632 63.744402
 0.975000 7.202020 52.943778
 0.980000 7.436606 40.668264
 0.985000 7.606745 27.220423
 0.990000 7.707450 12.958603
 0.995000 7.735635 -1.718839
 1.000000 7.690267 -16.391985
