#! FIELDS cmap hh dhh_cmap
#! SET normalisation  99999.000000
#! SET min_cmap 0
#! SET max_cmap 1
#! SET nbins_cmap  200
#! SET periodic_cmap false
 0.000000 0.000000 0.000000
 0.005000 0.000000 0.000000
 0.010000 0.000000 0.000000
 0.015000 0.000000 0.000000
 0.020000 0.000000 0.000000
 0.025000 0.000000 0.000000
 0.030000 0.000000 0.000000
 0.035000 0.000000 0.000000
 0.040000 0.000000 0.000000
 0.045000 0.000000 0.000000
 0.050000 0.000000 0.000000
 0.055000 0.000000 0.000000
 0.060000 0.000000 0.000000
 0.065000 0.000000 0.000000
 0.070000 0.000000 0.000000
 0.075000 0.000000 0.000000
 0.080000 0.000000 0.000000
 0.085000 0.000000 0.000000
 0.090000 0.000000 0.000000
 0.095000 0.000000 0.000000
 0.100000 0.000000 0.000000
 0.105000 0.000000 0.000000
 0.110000 0.000000 0.000000
 0.115000 0.000000 0.000000
 0.120000 0.000000 0.000000
 0.125000 0.000000 0.000000
 0.130000 0.000000 0.000000
 0.135000 0.000000 0.000000
 0.140000 0.000000 0.000000
 0.145000 0.000000 0.000000
 0.150000 0.000000 0.000000
 0.155000 0.000000 0.000000
 0.160000 0.000000 0.000000
 0.165000 0.000000 0.000000
 0.170000 0.000000 0.000000
 0.175000 0.000000 0.000000
 0.180000 0.000000 0.000000
 0.185000 0.000000 0.000000
 0.190000 0.000000 0.000000
 0.195000 0.000000 0.000000
 0.200000 0.000000 0.000000
 0.205000 0.000000 0.000000
 0.210000 0.000000 0.000000
 0.215000 0.000000 0.000000
 0.220000 0.000000 0.000000
 0.225000 0.000000 0.000000
 0.230000 0.000000 0.000000
 0.235000 0.000000 0.000000
 0.240000 0.000000 0.000000
 0.245000 0.000000 0.000000
 0.250000 0.000000 0.000000
 0.255000 0.000000 0.000000
 0.260000 0.000000 0.000007
 0.265000 0.000000 0.000010
 0.270000 0.000000 0.000014
 0.275000 0.000000 0.000028
 0.280000 0.000001 0.000038
 0.285000 0.000001 0.000051
 0.290000 0.000001 0.000068
 0.295000 0.000001 0.000090
 0.300000 0.000002 0.000118
 0.305000 0.000003 0.000152
 0.310000 0.000004 0.000193
 0.315000 0.000005 0.000244
 0.320000 0.000006 0.000304
 0.325000 0.000008 0.000375
 0.330000 0.000010 0.000457
 0.335000 0.000012 0.000551
 0.340000 0.000015 0.000656
 0.345000 0.000019 0.000772
 0.350000 0.000023 0.000897
 0.355000 0.000028 0.001030
 0.360000 0.000033 0.001167
 0.365000 0.000040 0.001306
 0.370000 0.000046 0.001442
 0.375000 0.000054 0.001570
 0.380000 0.000062 0.001685
 0.385000 0.000071 0.001781
 0.390000 0.000080 0.001853
 0.395000 0.000089 0.001895
 0.400000 0.000099 0.001903
 0.405000 0.000108 0.001873
 0.410000 0.000117 0.001801
 0.415000 0.000126 0.001687
 0.420000 0.000134 0.001530
 0.425000 0.000141 0.001334
 0.430000 0.000147 0.001101
 0.435000 0.000152 0.000838
 0.440000 0.000156 0.000559
 0.445000 0.000158 0.000259
 0.450000 0.000158 -0.000047
 0.455000 0.000157 -0.000351
 0.460000 0.000155 -0.000641
 0.465000 0.000151 -0.000910
 0.470000 0.000146 -0.001149
 0.475000 0.000140 -0.001352
 0.480000 0.000133 -0.001506
 0.485000 0.000125 -0.001611
 0.490000 0.000117 -0.001666
 0.495000 0.000109 -0.001661
 0.500000 0.000100 -0.001608
 0.505000 0.000093 -0.001495
 0.510000 0.000086 -0.001342
 0.515000 0.000080 -0.001113
 0.520000 0.000075 -0.000843
 0.525000 0.000072 -0.000514
 0.530000 0.000070 -0.000153
 0.535000 0.000071 0.000261
 0.540000 0.000074 0.000757
 0.545000 0.000079 0.001304
 0.550000 0.000087 0.001918
 0.555000 0.000099 0.002597
 0.560000 0.000114 0.003353
 0.565000 0.000133 0.004210
 0.570000 0.000157 0.005152
 0.575000 0.000185 0.006219
 0.580000 0.000219 0.007375
 0.585000 0.000260 0.008682
 0.590000 0.000307 0.010091
 0.595000 0.000362 0.011648
 0.600000 0.000425 0.013350
 0.605000 0.000496 0.015149
 0.610000 0.000577 0.017101
 0.615000 0.000669 0.019217
 0.620000 0.000771 0.021407
 0.625000 0.000885 0.023715
 0.630000 0.001010 0.026082
 0.635000 0.001147 0.028540
 0.640000 0.001297 0.031073
 0.645000 0.001460 0.033641
 0.650000 0.001636 0.036255
 0.655000 0.001825 0.038952
 0.660000 0.002027 0.041588
 0.665000 0.002243 0.044269
 0.670000 0.002472 0.047033
 0.675000 0.002715 0.049872
 0.680000 0.002974 0.052828
 0.685000 0.003247 0.055933
 0.690000 0.003536 0.059234
 0.695000 0.003843 0.062747
 0.700000 0.004169 0.066695
 0.705000 0.004516 0.070955
 0.710000 0.004885 0.075695
 0.715000 0.005280 0.080967
 0.720000 0.005704 0.086880
 0.725000 0.006159 0.093419
 0.730000 0.006650 0.100798
 0.735000 0.007181 0.109041
 0.740000 0.007761 0.118563
 0.745000 0.008396 0.129540
 0.750000 0.009087 0.141829
 0.755000 0.009858 0.156696
 0.760000 0.010717 0.174396
 0.765000 0.011671 0.194972
 0.770000 0.012753 0.220244
 0.775000 0.013980 0.250761
 0.780000 0.015410 0.289822
 0.785000 0.017103 0.340630
 0.790000 0.019090 0.403831
 0.795000 0.021960 0.520209
 0.800000 0.025200 0.648537
 0.805000 0.029143 0.809090
 0.810000 0.034445 1.044226
 0.815000 0.046406 1.737328
 0.820000 0.056233 2.212755
 0.825000 0.068748 2.816993
 0.830000 0.084666 3.579089
 0.835000 0.104857 4.532290
 0.840000 0.130369 5.713855
 0.845000 0.162444 7.164534
 0.850000 0.202535 8.927604
 0.855000 0.252315 11.047473
 0.860000 0.313677 13.567680
 0.865000 0.388725 16.528286
 0.870000 0.479750 19.962763
 0.875000 0.589182 23.894203
 0.880000 0.719535 28.331313
 0.885000 0.873321 33.263873
 0.890000 1.052945 38.658593
 0.895000 1.260578 44.455009
 0.900000 1.498015 50.562379
 0.905000 1.766516 56.857534
 0.910000 2.066644 63.184330
 0.915000 2.398100 69.355258
 0.920000 2.759578 75.155039
 0.925000 3.148638 80.346770
 0.930000 3.561615 84.680412
 0.935000 3.993589 87.903434
 0.940000 4.438393 89.773401
 0.945000 4.888701 90.071406
 0.950000 5.336181 88.616241
 0.955000 5.771719 85.277427
 0.960000 6.185698 79.987213
 0.965000 6.568339 72.749432
 0.970000 6.910076 63.645115
 0.975000 7.201941 52.834097
 0.980000 7.435958 40.551624
 0.985000 7.605504 27.100567
 0.990000 7.705610 12.839556
 0.995000 7.733210 -1.833080
 1.000000 7.687290 -16.497642
