#! FIELDS cmap hh dhh_cmap
#! SET normalisation  99999.000000
#! SET min_cmap 0
#! SET max_cmap 1
#! SET nbins_cmap  200
#! SET periodic_cmap false
 0.000000 0.000000 0.000000
 0.005000 0.000000 0.000000
 0.010000 0.000000 0.000000
 0.015000 0.000000 0.000000
 0.020000 0.000000 0.000000
 0.025000 0.000000 0.000000
 0.030000 0.000000 0.000000
 0.035000 0.000000 0.000000
 0.040000 0.000000 0.000000
 0.045000 0.000000 0.000000
 0.050000 0.000000 0.000000
 0.055000 0.000000 0.000000
 0.060000 0.000000 0.000000
 0.065000 0.000000 0.000000
 0.070000 0.000000 0.000000
 0.075000 0.000000 0.000000
 0.080000 0.000000 0.000000
 0.085000 0.000000 0.000000
 0.090000 0.000000 0.000000
 0.095000 0.000000 0.000000
 0.100000 0.000000 0.000000
 0.105000 0.000000 0.000000
 0.110000 0.000000 0.000000
 0.115000 0.000000 0.000000
 0.120000 0.000000 0.000000
 0.125000 0.000000 0.000000
 0.130000 0.000000 0.000000
 0.135000 0.000000 0.000000
 0.140000 0.000000 0.000000
 0.145000 0.000000 0.000000
 0.150000 0.000000 0.000000
 0.155000 0.000000 0.000000
 0.160000 0.000000 0.000000
 0.165000 0.000000 0.000000
 0.170000 0.000000 0.000000
 0.175000 0.000000 0.000000
 0.180000 0.000000 0.000000
 0.185000 0.000000 0.000000
 0.190000 0.000000 0.000000
 0.195000 0.000000 0.000000
 0.200000 0.000000 0.000000
 0.205000 0.000000 0.000000
 0.210000 0.000000 0.000000
 0.215000 0.000000 0.000000
 0.220000 0.000000 0.000000
 0.225000 0.000000 0.000000
 0.230000 0.000000 0.000000
 0.235000 0.000000 0.000000
 0.240000 0.000000 0.000000
 0.245000 0.000000 0.000000
 0.250000 0.000000 0.000000
 0.255000 0.000000 0.000000
 0.260000 0.000000 0.000000
 0.265000 0.000000 0.000000
 0.270000 0.000000 0.000000
 0.275000 0.000000 0.000000
 0.280000 0.000000 0.000000
 0.285000 0.000000 0.000000
 0.290000 0.000000 0.000000
 0.295000 0.000000 0.000000
 0.300000 0.000000 0.000000
 0.305000 0.000000 0.000000
 0.310000 0.000000 0.000000
 0.315000 0.000000 0.000000
 0.320000 0.000000 0.000000
 0.325000 0.000000 0.000000
 0.330000 0.000000 0.000000
 0.335000 0.000000 0.000000
 0.340000 0.000000 0.000000
 0.345000 0.000000 0.000000
 0.350000 0.000000 0.000000
 0.355000 0.000000 0.000000
 0.360000 0.000000 0.000000
 0.365000 0.000000 0.000000
 0.370000 0.000000 0.000000
 0.375000 0.000000 0.000000
 0.380000 0.000000 0.000000
 0.385000 0.000000 0.000000
 0.390000 0.000000 0.000006
 0.395000 0.000000 0.000017
 0.400000 0.000000 0.000024
 0.405000 0.000001 0.000040
 0.410000 0.000001 0.000054
 0.415000 0.000001 0.000082
 0.420000 0.000002 0.000126
 0.425000 0.000003 0.000176
 0.430000 0.000004 0.000249
 0.435000 0.000005 0.000328
 0.440000 0.000007 0.000427
 0.445000 0.000010 0.000550
 0.450000 0.000013 0.000701
 0.455000 0.000017 0.000885
 0.460000 0.000022 0.001114
 0.465000 0.000028 0.001384
 0.470000 0.000036 0.001694
 0.475000 0.000045 0.002062
 0.480000 0.000057 0.002473
 0.485000 0.000070 0.002934
 0.490000 0.000086 0.003444
 0.495000 0.000105 0.004021
 0.500000 0.000127 0.004628
 0.505000 0.000152 0.005280
 0.510000 0.000180 0.005966
 0.515000 0.000212 0.006654
 0.520000 0.000247 0.007344
 0.525000 0.000285 0.008033
 0.530000 0.000327 0.008690
 0.535000 0.000373 0.009315
 0.540000 0.000421 0.009880
 0.545000 0.000472 0.010390
 0.550000 0.000525 0.010825
 0.555000 0.000580 0.011190
 0.560000 0.000637 0.011468
 0.565000 0.000696 0.011727
 0.570000 0.000756 0.011942
 0.575000 0.000816 0.012110
 0.580000 0.000877 0.012275
 0.585000 0.000940 0.012489
 0.590000 0.001003 0.012770
 0.595000 0.001068 0.013148
 0.600000 0.001135 0.013634
 0.605000 0.001206 0.014337
 0.610000 0.001280 0.015204
 0.615000 0.001359 0.016312
 0.620000 0.001445 0.017709
 0.625000 0.001539 0.019381
 0.630000 0.001641 0.021281
 0.635000 0.001754 0.023541
 0.640000 0.001880 0.026059
 0.645000 0.002018 0.028862
 0.650000 0.002171 0.031868
 0.655000 0.002339 0.035102
 0.660000 0.002524 0.038541
 0.665000 0.002727 0.042227
 0.670000 0.002949 0.046069
 0.675000 0.003191 0.050114
 0.680000 0.003453 0.054351
 0.685000 0.003737 0.058718
 0.690000 0.004044 0.063285
 0.695000 0.004374 0.068064
 0.700000 0.004728 0.073074
 0.705000 0.005109 0.078392
 0.710000 0.005518 0.084007
 0.715000 0.005956 0.089959
 0.720000 0.006425 0.096388
 0.725000 0.006929 0.103310
 0.730000 0.007471 0.110898
 0.735000 0.008052 0.119109
 0.740000 0.008682 0.128447
 0.745000 0.009364 0.138934
 0.750000 0.010102 0.150622
 0.755000 0.010911 0.164422
 0.760000 0.011805 0.180880
 0.765000 0.012788 0.200025
 0.770000 0.013891 0.223647
 0.775000 0.015135 0.252494
 0.780000 0.016562 0.288947
 0.785000 0.018242 0.337026
 0.790000 0.020197 0.396809
 0.795000 0.023008 0.508589
 0.800000 0.026185 0.632975
 0.805000 0.030042 0.789029
 0.810000 0.035230 1.018892
 0.815000 0.047062 1.707113
 0.820000 0.056723 2.176603
 0.825000 0.069041 2.774493
 0.830000 0.084730 3.529870
 0.835000 0.104658 4.476037
 0.840000 0.129870 5.650355
 0.845000 0.161609 7.093659
 0.850000 0.201327 8.849380
 0.855000 0.250698 10.962085
 0.860000 0.311616 13.475518
 0.865000 0.386188 16.429941
 0.870000 0.476707 19.859089
 0.875000 0.585609 23.786367
 0.880000 0.715416 28.220724
 0.885000 0.868646 33.152342
 0.890000 1.047714 38.548263
 0.895000 1.254804 44.348349
 0.900000 1.491722 50.462142
 0.905000 1.759744 56.766682
 0.910000 2.059448 63.106065
 0.915000 2.390551 69.292817
 0.920000 2.751763 75.111588
 0.925000 3.140659 80.325243
 0.930000 3.553589 84.683414
 0.935000 3.985643 87.933016
 0.940000 4.430664 89.830844
 0.945000 4.881330 90.157262
 0.950000 5.329310 88.730067
 0.955000 5.765484 85.417833
 0.960000 6.180226 80.151724
 0.965000 6.563744 72.934596
 0.970000 6.906449 63.846773
 0.975000 7.199353 53.047160
 0.980000 7.434454 40.770574
 0.985000 7.605097 27.319719
 0.990000 7.706286 13.053089
 0.995000 7.734929 -1.630778
 1.000000 7.689981 -16.311576
