#! FIELDS cmap hh dhh_cmap
#! SET normalisation  99999.000000
#! SET min_cmap 0
#! SET max_cmap 1
#! SET nbins_cmap  200
#! SET periodic_cmap false
 0.000000 0.000000 0.000000
 0.005000 0.000000 0.000000
 0.010000 0.000000 0.000000
 0.015000 0.000000 0.000000
 0.020000 0.000000 0.000000
 0.025000 0.000000 0.000000
 0.030000 0.000000 0.000000
 0.035000 0.000000 0.000000
 0.040000 0.000000 0.000000
 0.045000 0.000000 0.000000
 0.050000 0.000000 0.000000
 0.055000 0.000000 0.000000
 0.060000 0.000000 0.000000
 0.065000 0.000000 0.000000
 0.070000 0.000000 0.000000
 0.075000 0.000000 0.000000
 0.080000 0.000000 0.000000
 0.085000 0.000000 0.000000
 0.090000 0.000000 0.000000
 0.095000 0.000000 0.000000
 0.100000 0.000000 0.000000
 0.105000 0.000000 0.000000
 0.110000 0.000000 0.000000
 0.115000 0.000000 0.000000
 0.120000 0.000000 0.000000
 0.125000 0.000000 0.000000
 0.130000 0.000000 0.000000
 0.135000 0.000000 0.000000
 0.140000 0.000000 0.000000
 0.145000 0.000000 0.000000
 0.150000 0.000000 0.000000
 0.155000 0.000000 0.000000
 0.160000 0.000000 0.000000
 0.165000 0.000000 0.000000
 0.170000 0.000000 0.000000
 0.175000 0.000000 0.000000
 0.180000 0.000000 0.000000
 0.185000 0.000000 0.000000
 0.190000 0.000000 0.000000
 0.195000 0.000000 0.000000
 0.200000 0.000000 0.000000
 0.205000 0.000000 0.000000
 0.210000 0.000000 0.000000
 0.215000 0.000000 0.000000
 0.220000 0.000000 0.000000
 0.225000 0.000000 0.000000
 0.230000 0.000000 0.000000
 0.235000 0.000000 0.000000
 0.240000 0.000000 0.000000
 0.245000 0.000000 0.000000
 0.250000 0.000000 0.000000
 0.255000 0.000000 0.000000
 0.260000 0.000000 0.000000
 0.265000 0.000000 0.000000
 0.270000 0.000000 0.000000
 0.275000 0.000000 0.000000
 0.280000 0.000000 0.000000
 0.285000 0.000000 0.000000
 0.290000 0.000000 0.000000
 0.295000 0.000000 0.000000
 0.300000 0.000000 0.000000
 0.305000 0.000000 0.000000
 0.310000 0.000000 0.000000
 0.315000 0.000000 0.000000
 0.320000 0.000000 0.000000
 0.325000 0.000000 0.000000
 0.330000 0.000000 0.000000
 0.335000 0.000000 0.000000
 0.340000 0.000000 0.000000
 0.345000 0.000000 0.000000
 0.350000 0.000000 0.000000
 0.355000 0.000000 0.000000
 0.360000 0.000000 0.000000
 0.365000 0.000000 0.000000
 0.370000 0.000000 0.000000
 0.375000 0.000000 0.000000
 0.380000 0.000000 0.000000
 0.385000 0.000000 0.000000
 0.390000 0.000000 0.000000
 0.395000 0.000000 0.000000
 0.400000 0.000000 0.000000
 0.405000 0.000000 0.000000
 0.410000 0.000000 0.000000
 0.415000 0.000000 0.000000
 0.420000 0.000000 0.000000
 0.425000 0.000000 0.000000
 0.430000 0.000000 0.000000
 0.435000 0.000000 0.000000
 0.440000 0.000000 0.000000
 0.445000 0.000000 0.000008
 0.450000 0.000000 0.000011
 0.455000 0.000000 0.000015
 0.460000 0.000000 0.000021
 0.465000 0.000000 0.000028
 0.470000 0.000001 0.000037
 0.475000 0.000001 0.000049
 0.480000 0.000001 0.000071
 0.485000 0.000002 0.000093
 0.490000 0.000002 0.000120
 0.495000 0.000003 0.000160
 0.500000 0.000004 0.000211
 0.505000 0.000005 0.000273
 0.510000 0.000007 0.000348
 0.515000 0.000009 0.000432
 0.520000 0.000011 0.000532
 0.525000 0.000014 0.000656
 0.530000 0.000018 0.000794
 0.535000 0.000022 0.000960
 0.540000 0.000028 0.001152
 0.545000 0.000034 0.001363
 0.550000 0.000042 0.001629
 0.555000 0.000051 0.001936
 0.560000 0.000062 0.002267
 0.565000 0.000074 0.002644
 0.570000 0.000089 0.003066
 0.575000 0.000105 0.003530
 0.580000 0.000125 0.004050
 0.585000 0.000146 0.004620
 0.590000 0.000171 0.005272
 0.595000 0.000200 0.005986
 0.600000 0.000232 0.006767
 0.605000 0.000268 0.007641
 0.610000 0.000309 0.008599
 0.615000 0.000355 0.009643
 0.620000 0.000407 0.010818
 0.625000 0.000464 0.012087
 0.630000 0.000529 0.013502
 0.635000 0.000601 0.015079
 0.640000 0.000682 0.016806
 0.645000 0.000771 0.018677
 0.650000 0.000871 0.020759
 0.655000 0.000981 0.022995
 0.660000 0.001103 0.025433
 0.665000 0.001238 0.028120
 0.670000 0.001387 0.030970
 0.675000 0.001550 0.034048
 0.680000 0.001730 0.037353
 0.685000 0.001926 0.040903
 0.690000 0.002143 0.044760
 0.695000 0.002378 0.048836
 0.700000 0.002634 0.053186
 0.705000 0.002914 0.057832
 0.710000 0.003218 0.062871
 0.715000 0.003549 0.068333
 0.720000 0.003909 0.074205
 0.725000 0.004300 0.080612
 0.730000 0.004728 0.087770
 0.735000 0.005193 0.095640
 0.740000 0.005703 0.104521
 0.745000 0.006263 0.114649
 0.750000 0.006878 0.126129
 0.755000 0.007565 0.139963
 0.760000 0.008338 0.156700
 0.765000 0.009200 0.176242
 0.770000 0.010187 0.200639
 0.775000 0.011314 0.230181
 0.780000 0.012639 0.268238
 0.785000 0.014220 0.317941
 0.790000 0.016076 0.378941
 0.795000 0.018812 0.493260
 0.800000 0.021922 0.620198
 0.805000 0.025728 0.779198
 0.810000 0.030898 1.013611
 0.815000 0.042688 1.703678
 0.820000 0.052340 2.176448
 0.825000 0.064667 2.777812
 0.830000 0.080381 3.536904
 0.835000 0.100354 4.487101
 0.840000 0.125633 5.665833
 0.845000 0.157461 7.114069
 0.850000 0.197295 8.875339
 0.855000 0.246811 10.994350
 0.860000 0.307908 13.514959
 0.865000 0.382697 16.477563
 0.870000 0.473477 19.915942
 0.875000 0.582689 23.853518
 0.880000 0.712860 28.299195
 0.885000 0.866513 33.243013
 0.890000 1.046066 38.651770
 0.895000 1.253706 44.465017
 0.900000 1.491241 50.591867
 0.905000 1.759943 56.908861
 0.910000 2.060387 63.259499
 0.915000 2.392282 69.455738
 0.920000 2.754328 75.281577
 0.925000 3.144085 80.499293
 0.930000 3.557888 84.857968
 0.935000 3.990809 88.104149
 0.940000 4.436668 89.994396
 0.945000 4.888124 90.308965
 0.950000 5.336824 88.865725
 0.955000 5.773629 85.533628
 0.960000 6.188894 80.244324
 0.965000 6.572811 73.001385
 0.970000 6.915781 63.885891
 0.975000 7.208810 53.057790
 0.980000 7.443893 40.752813
 0.985000 7.614378 27.274671
 0.990000 7.715280 12.982777
 0.995000 7.743513 -1.723387
 1.000000 7.698054 -16.423043
