#! FIELDS cmap hh dhh_cmap
#! SET normalisation  199999.000000
#! SET min_cmap 0
#! SET max_cmap 1
#! SET nbins_cmap  200
#! SET periodic_cmap false
 0.000000 6.689367 18.277276
 0.005000 6.747868 5.066636
 0.010000 6.739797 -8.285704
 0.015000 6.665436 -21.383957
 0.020000 6.527022 -33.845042
 0.025000 6.328636 -45.317300
 0.030000 6.076007 -55.496883
 0.035000 5.776231 -64.141073
 0.040000 5.437447 -71.077486
 0.045000 5.068469 -76.208797
 0.050000 4.678408 -79.512916
 0.055000 4.276307 -81.038864
 0.060000 3.870800 -80.898867
 0.065000 3.469823 -79.257560
 0.070000 3.080387 -76.319187
 0.075000 2.708410 -72.313928
 0.080000 2.358622 -67.484212
 0.085000 2.034538 -62.072037
 0.090000 1.738488 -56.307881
 0.095000 1.471695 -50.401762
 0.100000 1.234400 -44.536734
 0.105000 1.026004 -38.864799
 0.110000 0.845229 -33.505221
 0.115000 0.690285 -28.544826
 0.120000 0.559020 -24.040048
 0.125000 0.449075 -20.020185
 0.130000 0.357999 -16.491492
 0.135000 0.283361 -13.441622
 0.140000 0.222828 -10.844173
 0.145000 0.174226 -8.662948
 0.150000 0.135575 -6.855776
 0.155000 0.105119 -5.377744
 0.160000 0.081325 -4.183798
 0.165000 0.062880 -3.230720
 0.170000 0.048683 -2.478482
 0.175000 0.037821 -1.891094
 0.180000 0.029550 -1.437022
 0.185000 0.021876 -0.986133
 0.190000 0.010499 -0.238124
 0.195000 0.009355 -0.208085
 0.200000 0.008322 -0.179627
 0.205000 0.007451 -0.157314
 0.210000 0.006700 -0.138904
 0.215000 0.006030 -0.122198
 0.220000 0.005443 -0.107792
 0.225000 0.004926 -0.095204
 0.230000 0.004467 -0.084073
 0.235000 0.004064 -0.074514
 0.240000 0.003706 -0.066054
 0.245000 0.003387 -0.058564
 0.250000 0.003105 -0.052220
 0.255000 0.002853 -0.046563
 0.260000 0.002628 -0.041652
 0.265000 0.002428 -0.037457
 0.270000 0.002246 -0.033699
 0.275000 0.002083 -0.030465
 0.280000 0.001935 -0.027567
 0.285000 0.001802 -0.025051
 0.290000 0.001680 -0.022841
 0.295000 0.001569 -0.020874
 0.300000 0.001467 -0.019087
 0.305000 0.001374 -0.017494
 0.310000 0.001289 -0.016118
 0.315000 0.001210 -0.014836
 0.320000 0.001138 -0.013683
 0.325000 0.001072 -0.012594
 0.330000 0.001011 -0.011569
 0.335000 0.000955 -0.010605
 0.340000 0.000903 -0.009679
 0.345000 0.000856 -0.008820
 0.350000 0.000814 -0.007981
 0.355000 0.000775 -0.007196
 0.360000 0.000741 -0.006432
 0.365000 0.000710 -0.005705
 0.370000 0.000683 -0.005007
 0.375000 0.000659 -0.004338
 0.380000 0.000639 -0.003715
 0.385000 0.000622 -0.003122
 0.390000 0.000608 -0.002587
 0.395000 0.000596 -0.002090
 0.400000 0.000586 -0.001641
 0.405000 0.000579 -0.001265
 0.410000 0.000573 -0.000951
 0.415000 0.000569 -0.000687
 0.420000 0.000566 -0.000480
 0.425000 0.000564 -0.000323
 0.430000 0.000562 -0.000215
 0.435000 0.000562 -0.000147
 0.440000 0.000561 -0.000136
 0.445000 0.000560 -0.000144
 0.450000 0.000559 -0.000168
 0.455000 0.000558 -0.000209
 0.460000 0.000557 -0.000237
 0.465000 0.000556 -0.000252
 0.470000 0.000555 -0.000229
 0.475000 0.000554 -0.000177
 0.480000 0.000553 -0.000054
 0.485000 0.000554 0.000140
 0.490000 0.000555 0.000410
 0.495000 0.000558 0.000771
 0.500000 0.000563 0.001231
 0.505000 0.000571 0.001788
 0.510000 0.000582 0.002464
 0.515000 0.000596 0.003225
 0.520000 0.000615 0.004090
 0.525000 0.000638 0.005068
 0.530000 0.000666 0.006148
 0.535000 0.000700 0.007315
 0.540000 0.000740 0.008561
 0.545000 0.000786 0.009885
 0.550000 0.000840 0.011275
 0.555000 0.000900 0.012736
 0.560000 0.000968 0.014269
 0.565000 0.001043 0.015815
 0.570000 0.001127 0.017454
 0.575000 0.001219 0.019104
 0.580000 0.001319 0.020804
 0.585000 0.001428 0.022555
 0.590000 0.001545 0.024334
 0.595000 0.001672 0.026180
 0.600000 0.001808 0.028079
 0.605000 0.001954 0.029999
 0.610000 0.002109 0.031950
 0.615000 0.002274 0.033951
 0.620000 0.002450 0.036015
 0.625000 0.002636 0.038093
 0.630000 0.002832 0.040171
 0.635000 0.003039 0.042311
 0.640000 0.003258 0.044450
 0.645000 0.003486 0.046548
 0.650000 0.003724 0.048625
 0.655000 0.003974 0.050658
 0.660000 0.004232 0.052617
 0.665000 0.004501 0.054544
 0.670000 0.004779 0.056390
 0.675000 0.005067 0.058219
 0.680000 0.005363 0.059988
 0.685000 0.005669 0.061764
 0.690000 0.005983 0.063522
 0.695000 0.006307 0.065325
 0.700000 0.006639 0.067219
 0.705000 0.006982 0.069200
 0.710000 0.007335 0.071346
 0.715000 0.007699 0.073693
 0.720000 0.008076 0.076301
 0.725000 0.008468 0.079227
 0.730000 0.008876 0.082519
 0.735000 0.009301 0.086219
 0.740000 0.009747 0.090389
 0.745000 0.010217 0.095159
 0.750000 0.010713 0.100620
 0.755000 0.011240 0.106894
 0.760000 0.011803 0.114160
 0.765000 0.012404 0.122372
 0.770000 0.013053 0.132126
 0.775000 0.013756 0.143477
 0.780000 0.014531 0.157488
 0.785000 0.015386 0.174373
 0.790000 0.016335 0.194606
 0.795000 0.017470 0.224250
 0.800000 0.018738 0.258424
 0.805000 0.020187 0.299676
 0.810000 0.021938 0.355272
 0.815000 0.024604 0.468655
 0.820000 0.027169 0.560465
 0.825000 0.030244 0.673349
 0.830000 0.033944 0.811349
 0.835000 0.038406 0.978950
 0.840000 0.043790 1.180996
 0.845000 0.050282 1.422638
 0.850000 0.058091 1.709081
 0.855000 0.067455 2.045435
 0.860000 0.078636 2.436424
 0.865000 0.091916 2.885982
 0.870000 0.107597 3.396855
 0.875000 0.125988 3.970166
 0.880000 0.147400 4.604793
 0.885000 0.172132 5.296990
 0.890000 0.200454 6.039786
 0.895000 0.232595 6.822602
 0.900000 0.268722 7.630904
 0.905000 0.308915 8.446143
 0.910000 0.353156 9.245783
 0.915000 0.401303 10.003642
 0.920000 0.453074 10.690517
 0.925000 0.508036 11.275126
 0.930000 0.565600 11.725248
 0.935000 0.625011 12.009391
 0.940000 0.685366 12.098100
 0.945000 0.745623 11.966060
 0.950000 0.804625 11.593594
 0.955000 0.861136 10.968336
 0.960000 0.913878 10.086616
 0.965000 0.961582 8.954331
 0.970000 1.003028 7.587462
 0.975000 1.037107 6.012065
 0.980000 1.062859 4.263570
 0.985000 1.079524 2.385463
 0.990000 1.086578 0.427530
 0.995000 1.083755 -1.556262
 1.000000 1.071063 -3.510199
