#! FIELDS cmap hh dhh_cmap
#! SET normalisation  199999.000000
#! SET min_cmap 0
#! SET max_cmap 1
#! SET nbins_cmap  200
#! SET periodic_cmap false
 0.000000 6.562400 17.987676
 0.005000 6.620084 5.029768
 0.010000 6.612464 -8.068728
 0.015000 6.539810 -20.919518
 0.020000 6.404310 -33.146778
 0.025000 6.209960 -44.405337
 0.030000 5.962372 -54.396971
 0.035000 5.668504 -62.883306
 0.040000 5.336335 -69.694926
 0.045000 4.974510 -74.736062
 0.050000 4.591966 -77.984740
 0.055000 4.197574 -79.488765
 0.060000 3.799806 -79.357988
 0.065000 3.406452 -77.753676
 0.070000 3.024393 -74.876048
 0.075000 2.659439 -70.950810
 0.080000 2.316235 -66.215758
 0.085000 1.998235 -60.908283
 0.090000 1.707728 -55.254550
 0.095000 1.445922 -49.460686
 0.100000 1.213054 -43.706404
 0.105000 1.008541 -38.140967
 0.110000 0.831133 -32.881521
 0.115000 0.679072 -28.013419
 0.120000 0.550253 -23.592163
 0.125000 0.442357 -19.646630
 0.130000 0.352982 -16.183061
 0.135000 0.279742 -13.189450
 0.140000 0.220347 -10.639954
 0.145000 0.172662 -8.499107
 0.150000 0.134744 -6.725555
 0.155000 0.104867 -5.275226
 0.160000 0.081527 -4.103910
 0.165000 0.063434 -3.169182
 0.170000 0.049506 -2.431733
 0.175000 0.038847 -1.856210
 0.180000 0.030726 -1.411628
 0.185000 0.023195 -0.970899
 0.190000 0.012009 -0.237567
 0.195000 0.010865 -0.209091
 0.200000 0.009821 -0.181988
 0.205000 0.008935 -0.161098
 0.210000 0.008160 -0.143821
 0.215000 0.007462 -0.128175
 0.220000 0.006842 -0.114701
 0.225000 0.006290 -0.103092
 0.230000 0.005791 -0.092613
 0.235000 0.005344 -0.083546
 0.240000 0.004939 -0.075332
 0.245000 0.004573 -0.068036
 0.250000 0.004244 -0.061746
 0.255000 0.003944 -0.056052
 0.260000 0.003672 -0.051096
 0.265000 0.003424 -0.046659
 0.270000 0.003197 -0.042706
 0.275000 0.002990 -0.039243
 0.280000 0.002799 -0.036183
 0.285000 0.002623 -0.033454
 0.290000 0.002460 -0.031040
 0.295000 0.002309 -0.028932
 0.300000 0.002167 -0.027013
 0.305000 0.002035 -0.025247
 0.310000 0.001911 -0.023712
 0.315000 0.001795 -0.022281
 0.320000 0.001685 -0.020980
 0.325000 0.001582 -0.019765
 0.330000 0.001485 -0.018590
 0.335000 0.001394 -0.017489
 0.340000 0.001309 -0.016401
 0.345000 0.001229 -0.015316
 0.350000 0.001154 -0.014232
 0.355000 0.001086 -0.013141
 0.360000 0.001022 -0.012054
 0.365000 0.000964 -0.010965
 0.370000 0.000912 -0.009866
 0.375000 0.000865 -0.008807
 0.380000 0.000823 -0.007748
 0.385000 0.000786 -0.006753
 0.390000 0.000755 -0.005787
 0.395000 0.000728 -0.004889
 0.400000 0.000705 -0.004077
 0.405000 0.000686 -0.003338
 0.410000 0.000671 -0.002674
 0.415000 0.000659 -0.002084
 0.420000 0.000650 -0.001570
 0.425000 0.000643 -0.001148
 0.430000 0.000638 -0.000779
 0.435000 0.000635 -0.000459
 0.440000 0.000633 -0.000191
 0.445000 0.000633 0.000041
 0.450000 0.000634 0.000271
 0.455000 0.000635 0.000507
 0.460000 0.000639 0.000774
 0.465000 0.000643 0.001048
 0.470000 0.000649 0.001377
 0.475000 0.000657 0.001755
 0.480000 0.000667 0.002177
 0.485000 0.000679 0.002661
 0.490000 0.000694 0.003214
 0.495000 0.000711 0.003821
 0.500000 0.000732 0.004471
 0.505000 0.000756 0.005169
 0.510000 0.000784 0.005905
 0.515000 0.000816 0.006663
 0.520000 0.000851 0.007429
 0.525000 0.000890 0.008200
 0.530000 0.000934 0.008972
 0.535000 0.000981 0.009741
 0.540000 0.001032 0.010500
 0.545000 0.001087 0.011291
 0.550000 0.001145 0.012064
 0.555000 0.001208 0.012847
 0.560000 0.001275 0.013678
 0.565000 0.001345 0.014540
 0.570000 0.001421 0.015492
 0.575000 0.001502 0.016534
 0.580000 0.001588 0.017680
 0.585000 0.001680 0.018978
 0.590000 0.001779 0.020419
 0.595000 0.001885 0.022012
 0.600000 0.002000 0.023790
 0.605000 0.002124 0.025740
 0.610000 0.002259 0.027867
 0.615000 0.002404 0.030192
 0.620000 0.002563 0.032712
 0.625000 0.002734 0.035347
 0.630000 0.002918 0.038105
 0.635000 0.003116 0.040977
 0.640000 0.003329 0.043897
 0.645000 0.003557 0.046858
 0.650000 0.003799 0.049843
 0.655000 0.004057 0.052823
 0.660000 0.004329 0.055760
 0.665000 0.004616 0.058661
 0.670000 0.004917 0.061504
 0.675000 0.005233 0.064300
 0.680000 0.005562 0.066993
 0.685000 0.005905 0.069629
 0.690000 0.006261 0.072195
 0.695000 0.006630 0.074721
 0.700000 0.007011 0.077176
 0.705000 0.007405 0.079608
 0.710000 0.007811 0.082024
 0.715000 0.008229 0.084482
 0.720000 0.008660 0.086958
 0.725000 0.009104 0.089538
 0.730000 0.009562 0.092240
 0.735000 0.010034 0.095188
 0.740000 0.010524 0.098476
 0.745000 0.011031 0.102172
 0.750000 0.011558 0.106395
 0.755000 0.012112 0.111471
 0.760000 0.012694 0.117600
 0.765000 0.013311 0.124818
 0.770000 0.013973 0.133909
 0.775000 0.014684 0.144806
 0.780000 0.015465 0.158601
 0.785000 0.016332 0.176086
 0.790000 0.017300 0.197680
 0.795000 0.018463 0.229501
 0.800000 0.019764 0.266168
 0.805000 0.021269 0.311162
 0.810000 0.023100 0.371909
 0.815000 0.025956 0.497588
 0.820000 0.028688 0.598688
 0.825000 0.031981 0.723021
 0.830000 0.035964 0.875016
 0.835000 0.040786 1.059639
 0.840000 0.046623 1.282263
 0.845000 0.053681 1.548607
 0.850000 0.062192 1.864553
 0.855000 0.072418 2.235890
 0.860000 0.084651 2.667963
 0.865000 0.099206 3.165325
 0.870000 0.116418 3.731223
 0.875000 0.136634 4.367077
 0.880000 0.160203 5.071877
 0.885000 0.187460 5.841603
 0.890000 0.218714 6.668705
 0.895000 0.254223 7.541552
 0.900000 0.294179 8.444100
 0.905000 0.338679 9.355736
 0.910000 0.387708 10.251411
 0.915000 0.441116 11.101832
 0.920000 0.498596 11.874447
 0.925000 0.559672 12.534257
 0.930000 0.623689 13.045194
 0.935000 0.689815 13.371882
 0.940000 0.757044 13.481331
 0.945000 0.824217 13.344972
 0.950000 0.890045 12.940645
 0.955000 0.953151 12.254261
 0.960000 1.012108 11.281438
 0.965000 1.065496 10.028564
 0.970000 1.111954 8.513238
 0.975000 1.150238 6.764346
 0.980000 1.179272 4.821200
 0.985000 1.198203 2.732208
 0.990000 1.206440 0.552765
 0.995000 1.203678 -1.656890
 1.000000 1.189922 -3.834690
