#! FIELDS cmap hh dhh_cmap
#! SET normalisation  199999.000000
#! SET min_cmap 0
#! SET max_cmap 1
#! SET nbins_cmap  200
#! SET periodic_cmap false
 0.000000 6.376264 17.492174
 0.005000 6.432386 4.902363
 0.010000 6.425060 -7.824481
 0.015000 6.354543 -20.311114
 0.020000 6.222960 -32.192335
 0.025000 6.034190 -43.132814
 0.030000 5.793686 -52.842687
 0.035000 5.508205 -61.090326
 0.040000 5.185499 -67.711048
 0.045000 4.833965 -72.611736
 0.050000 4.462288 -75.770953
 0.055000 4.079084 -77.235065
 0.060000 3.692587 -77.110720
 0.065000 3.310366 -75.554542
 0.070000 2.939106 -72.761002
 0.075000 2.584454 -68.949321
 0.080000 2.250925 -64.350495
 0.085000 1.941876 -59.195157
 0.090000 1.659533 -53.703021
 0.095000 1.405072 -48.074357
 0.100000 1.178725 -42.483774
 0.105000 0.979927 -37.076320
 0.110000 0.807465 -31.965840
 0.115000 0.659634 -27.235276
 0.120000 0.534388 -22.938629
 0.125000 0.429477 -19.104011
 0.130000 0.342567 -15.737530
 0.135000 0.271340 -12.827578
 0.140000 0.213571 -10.349104
 0.145000 0.167187 -8.267677
 0.150000 0.130300 -6.543179
 0.155000 0.101232 -5.132824
 0.160000 0.078520 -3.993682
 0.165000 0.060912 -3.084535
 0.170000 0.047355 -2.367192
 0.175000 0.036978 -1.807296
 0.180000 0.029070 -1.374719
 0.185000 0.021739 -0.946082
 0.190000 0.010858 -0.233011
 0.195000 0.009735 -0.204769
 0.200000 0.008712 -0.177856
 0.205000 0.007848 -0.157250
 0.210000 0.007092 -0.139884
 0.215000 0.006415 -0.124170
 0.220000 0.005816 -0.110465
 0.225000 0.005286 -0.098392
 0.230000 0.004812 -0.087466
 0.235000 0.004392 -0.077776
 0.240000 0.004017 -0.068993
 0.245000 0.003685 -0.061091
 0.250000 0.003392 -0.054188
 0.255000 0.003132 -0.047917
 0.260000 0.002902 -0.042368
 0.265000 0.002698 -0.037457
 0.270000 0.002519 -0.033169
 0.275000 0.002360 -0.029391
 0.280000 0.002219 -0.026175
 0.285000 0.002093 -0.023331
 0.290000 0.001981 -0.020937
 0.295000 0.001879 -0.018887
 0.300000 0.001788 -0.017193
 0.305000 0.001704 -0.015802
 0.310000 0.001627 -0.014613
 0.315000 0.001555 -0.013651
 0.320000 0.001489 -0.012854
 0.325000 0.001425 -0.012117
 0.330000 0.001365 -0.011503
 0.335000 0.001308 -0.010970
 0.340000 0.001254 -0.010437
 0.345000 0.001202 -0.009957
 0.350000 0.001153 -0.009483
 0.355000 0.001106 -0.008979
 0.360000 0.001062 -0.008454
 0.365000 0.001021 -0.007930
 0.370000 0.000982 -0.007378
 0.375000 0.000946 -0.006822
 0.380000 0.000913 -0.006256
 0.385000 0.000883 -0.005665
 0.390000 0.000856 -0.005107
 0.395000 0.000832 -0.004523
 0.400000 0.000810 -0.003972
 0.405000 0.000792 -0.003425
 0.410000 0.000776 -0.002897
 0.415000 0.000763 -0.002397
 0.420000 0.000753 -0.001907
 0.425000 0.000745 -0.001439
 0.430000 0.000739 -0.000946
 0.435000 0.000736 -0.000496
 0.440000 0.000734 -0.000043
 0.445000 0.000735 0.000432
 0.450000 0.000739 0.000947
 0.455000 0.000745 0.001543
 0.460000 0.000754 0.002203
 0.465000 0.000767 0.002953
 0.470000 0.000784 0.003839
 0.475000 0.000806 0.004877
 0.480000 0.000833 0.006109
 0.485000 0.000867 0.007506
 0.490000 0.000909 0.009067
 0.495000 0.000958 0.010834
 0.500000 0.001018 0.012768
 0.505000 0.001087 0.014855
 0.510000 0.001167 0.017110
 0.515000 0.001258 0.019438
 0.520000 0.001362 0.021822
 0.525000 0.001477 0.024205
 0.530000 0.001604 0.026513
 0.535000 0.001742 0.028687
 0.540000 0.001891 0.030704
 0.545000 0.002049 0.032439
 0.550000 0.002216 0.033883
 0.555000 0.002388 0.034971
 0.560000 0.002565 0.035659
 0.565000 0.002745 0.035957
 0.570000 0.002925 0.035825
 0.575000 0.003103 0.035309
 0.580000 0.003278 0.034437
 0.585000 0.003448 0.033251
 0.590000 0.003611 0.031837
 0.595000 0.003767 0.030243
 0.600000 0.003914 0.028558
 0.605000 0.004054 0.026892
 0.610000 0.004184 0.025308
 0.615000 0.004308 0.023908
 0.620000 0.004425 0.022766
 0.625000 0.004537 0.021924
 0.630000 0.004646 0.021455
 0.635000 0.004754 0.021387
 0.640000 0.004862 0.021732
 0.645000 0.004974 0.022520
 0.650000 0.005090 0.023719
 0.655000 0.005213 0.025283
 0.660000 0.005346 0.027237
 0.665000 0.005489 0.029507
 0.670000 0.005643 0.032060
 0.675000 0.005812 0.034909
 0.680000 0.005995 0.037973
 0.685000 0.006194 0.041213
 0.690000 0.006410 0.044660
 0.695000 0.006643 0.048305
 0.700000 0.006896 0.052176
 0.705000 0.007169 0.056227
 0.710000 0.007463 0.060538
 0.715000 0.007779 0.065087
 0.720000 0.008119 0.069969
 0.725000 0.008485 0.075166
 0.730000 0.008879 0.080805
 0.735000 0.009303 0.086886
 0.740000 0.009760 0.093585
 0.745000 0.010252 0.100865
 0.750000 0.010785 0.108934
 0.755000 0.011362 0.118023
 0.760000 0.011992 0.128409
 0.765000 0.012675 0.139975
 0.770000 0.013422 0.153315
 0.775000 0.014246 0.168874
 0.780000 0.015164 0.187560
 0.785000 0.016191 0.209993
 0.790000 0.017341 0.236591
 0.795000 0.018730 0.274984
 0.800000 0.020282 0.318343
 0.805000 0.022079 0.371248
 0.810000 0.024254 0.441846
 0.815000 0.027610 0.586852
 0.820000 0.030825 0.703430
 0.825000 0.034688 0.846551
 0.830000 0.039343 1.021396
 0.835000 0.044964 1.233717
 0.840000 0.051753 1.489726
 0.845000 0.059944 1.796025
 0.850000 0.069807 2.159336
 0.855000 0.081643 2.586274
 0.860000 0.095786 3.082975
 0.865000 0.112597 3.654572
 0.870000 0.132462 4.304716
 0.875000 0.155777 5.034971
 0.880000 0.182942 5.844072
 0.885000 0.214341 6.727366
 0.890000 0.250324 7.676090
 0.895000 0.291188 8.676843
 0.900000 0.337148 9.711229
 0.905000 0.388316 10.755679
 0.910000 0.444673 11.781364
 0.915000 0.506043 12.754959
 0.920000 0.572073 13.639106
 0.925000 0.642217 14.393769
 0.930000 0.715725 14.977767
 0.935000 0.791642 15.350539
 0.940000 0.868814 15.474419
 0.945000 0.945915 15.316709
 0.950000 1.021468 14.851971
 0.955000 1.093894 14.064135
 0.960000 1.161560 12.948088
 0.965000 1.222837 11.511058
 0.970000 1.276167 9.773235
 0.975000 1.320121 7.767537
 0.980000 1.353468 5.538978
 0.985000 1.375229 3.142948
 0.990000 1.384722 0.643003
 0.995000 1.381599 -1.891905
 1.000000 1.365862 -4.390663
