#! FIELDS cmap hh dhh_cmap
#! SET normalisation  199999.000000
#! SET min_cmap 0
#! SET max_cmap 1
#! SET nbins_cmap  200
#! SET periodic_cmap false
 0.000000 6.234636 17.173153
 0.005000 6.289868 4.865978
 0.010000 6.283070 -7.577116
 0.015000 6.214486 -19.787374
 0.020000 6.086181 -31.407714
 0.025000 5.901941 -42.110149
 0.030000 5.667086 -51.611088
 0.035000 5.388215 -59.683806
 0.040000 5.072901 -66.166992
 0.045000 4.729351 -70.969212
 0.050000 4.366050 -74.069167
 0.055000 3.991425 -75.511797
 0.060000 3.613524 -75.401009
 0.065000 3.239751 -73.889632
 0.070000 2.876647 -71.167513
 0.075000 2.529738 -67.448780
 0.080000 2.203444 -62.959124
 0.085000 1.901055 -57.923936
 0.090000 1.624755 -52.557993
 0.095000 1.375699 -47.057119
 0.100000 1.154123 -41.592097
 0.105000 0.959480 -36.304857
 0.110000 0.790591 -31.306837
 0.115000 0.645793 -26.679304
 0.120000 0.523091 -22.475194
 0.125000 0.420288 -18.722157
 0.130000 0.335106 -15.426346
 0.135000 0.265281 -12.576553
 0.140000 0.208638 -10.148429
 0.145000 0.163149 -8.108457
 0.150000 0.126971 -6.417504
 0.155000 0.098462 -5.033834
 0.160000 0.076191 -3.915559
 0.165000 0.058931 -3.022452
 0.170000 0.045653 -2.317225
 0.175000 0.035502 -1.766329
 0.180000 0.027782 -1.340354
 0.185000 0.020658 -0.920026
 0.190000 0.010029 -0.218771
 0.195000 0.008981 -0.189723
 0.200000 0.008039 -0.162479
 0.205000 0.007252 -0.141598
 0.210000 0.006575 -0.124442
 0.215000 0.005975 -0.109254
 0.220000 0.005449 -0.096364
 0.225000 0.004985 -0.085333
 0.230000 0.004571 -0.075651
 0.235000 0.004205 -0.067539
 0.240000 0.003877 -0.060584
 0.245000 0.003582 -0.054571
 0.250000 0.003318 -0.049550
 0.255000 0.003076 -0.045181
 0.260000 0.002856 -0.041378
 0.265000 0.002653 -0.038016
 0.270000 0.002467 -0.035086
 0.275000 0.002296 -0.032541
 0.280000 0.002136 -0.030191
 0.285000 0.001988 -0.028032
 0.290000 0.001852 -0.026035
 0.295000 0.001724 -0.024122
 0.300000 0.001608 -0.022339
 0.305000 0.001499 -0.020590
 0.310000 0.001399 -0.018812
 0.315000 0.001309 -0.017121
 0.320000 0.001227 -0.015465
 0.325000 0.001152 -0.013793
 0.330000 0.001087 -0.012209
 0.335000 0.001029 -0.010650
 0.340000 0.000979 -0.009128
 0.345000 0.000936 -0.007694
 0.350000 0.000901 -0.006323
 0.355000 0.000872 -0.005051
 0.360000 0.000849 -0.003849
 0.365000 0.000833 -0.002732
 0.370000 0.000821 -0.001727
 0.375000 0.000814 -0.000829
 0.380000 0.000812 -0.000047
 0.385000 0.000813 0.000632
 0.390000 0.000818 0.001201
 0.395000 0.000825 0.001690
 0.400000 0.000834 0.002070
 0.405000 0.000845 0.002337
 0.410000 0.000857 0.002532
 0.415000 0.000870 0.002620
 0.420000 0.000883 0.002637
 0.425000 0.000896 0.002593
 0.430000 0.000909 0.002474
 0.435000 0.000920 0.002302
 0.440000 0.000931 0.002088
 0.445000 0.000941 0.001841
 0.450000 0.000950 0.001573
 0.455000 0.000957 0.001296
 0.460000 0.000962 0.001039
 0.465000 0.000967 0.000792
 0.470000 0.000971 0.000567
 0.475000 0.000973 0.000378
 0.480000 0.000974 0.000233
 0.485000 0.000976 0.000160
 0.490000 0.000976 0.000162
 0.495000 0.000978 0.000234
 0.500000 0.000979 0.000413
 0.505000 0.000982 0.000683
 0.510000 0.000987 0.001049
 0.515000 0.000994 0.001544
 0.520000 0.001003 0.002143
 0.525000 0.001016 0.002848
 0.530000 0.001032 0.003674
 0.535000 0.001054 0.004636
 0.540000 0.001080 0.005706
 0.545000 0.001112 0.006897
 0.550000 0.001150 0.008224
 0.555000 0.001195 0.009656
 0.560000 0.001247 0.011229
 0.565000 0.001308 0.012953
 0.570000 0.001378 0.014785
 0.575000 0.001457 0.016750
 0.580000 0.001547 0.018873
 0.585000 0.001648 0.021127
 0.590000 0.001760 0.023519
 0.595000 0.001884 0.026040
 0.600000 0.002022 0.028723
 0.605000 0.002173 0.031524
 0.610000 0.002339 0.034487
 0.615000 0.002520 0.037564
 0.620000 0.002717 0.040760
 0.625000 0.002930 0.044021
 0.630000 0.003159 0.047345
 0.635000 0.003405 0.050741
 0.640000 0.003668 0.054195
 0.645000 0.003949 0.057665
 0.650000 0.004247 0.061166
 0.655000 0.004562 0.064662
 0.660000 0.004896 0.068176
 0.665000 0.005246 0.071658
 0.670000 0.005615 0.075132
 0.675000 0.006000 0.078591
 0.680000 0.006403 0.082046
 0.685000 0.006824 0.085536
 0.690000 0.007262 0.089046
 0.695000 0.007717 0.092580
 0.700000 0.008191 0.096173
 0.705000 0.008683 0.099856
 0.710000 0.009194 0.103648
 0.715000 0.009725 0.107564
 0.720000 0.010275 0.111656
 0.725000 0.010849 0.116012
 0.730000 0.011445 0.120593
 0.735000 0.012066 0.125552
 0.740000 0.012713 0.130903
 0.745000 0.013391 0.136836
 0.750000 0.014098 0.143303
 0.755000 0.014846 0.150901
 0.760000 0.015636 0.159642
 0.765000 0.016473 0.169723
 0.770000 0.017369 0.181711
 0.775000 0.018334 0.196166
 0.780000 0.019390 0.214146
 0.785000 0.020555 0.236584
 0.790000 0.021845 0.263890
 0.795000 0.023388 0.304321
 0.800000 0.025101 0.350580
 0.805000 0.027078 0.407939
 0.810000 0.029472 0.485395
 0.815000 0.033141 0.643561
 0.820000 0.036668 0.771738
 0.825000 0.040908 0.929444
 0.830000 0.046021 1.122271
 0.835000 0.052199 1.356437
 0.840000 0.059665 1.638688
 0.845000 0.068677 1.976154
 0.850000 0.079530 2.376142
 0.855000 0.092554 2.845783
 0.860000 0.108115 3.391671
 0.865000 0.126607 4.019360
 0.870000 0.148450 4.732707
 0.875000 0.174079 5.533300
 0.880000 0.203925 6.419696
 0.885000 0.238409 7.386620
 0.890000 0.277909 8.424393
 0.895000 0.322746 9.518277
 0.900000 0.373151 10.648023
 0.905000 0.429242 11.787665
 0.910000 0.490991 12.905725
 0.915000 0.558201 13.965608
 0.920000 0.630481 14.926438
 0.925000 0.707226 15.744522
 0.930000 0.787611 16.374886
 0.935000 0.870587 16.773300
 0.940000 0.954888 16.898753
 0.945000 1.039058 16.715800
 0.950000 1.121483 16.196907
 0.955000 1.200436 15.324828
 0.960000 1.274132 14.094397
 0.965000 1.340794 12.513945
 0.970000 1.398722 10.605803
 0.975000 1.446363 8.406428
 0.980000 1.482380 5.965192
 0.985000 1.505709 3.342924
 0.990000 1.515620 0.609151
 0.995000 1.511739 -2.160667
 1.000000 1.494080 -4.888828
