#! FIELDS cmap hh dhh_cmap
#! SET normalisation  199999.000000
#! SET min_cmap 0
#! SET max_cmap 1
#! SET nbins_cmap  200
#! SET periodic_cmap false
 0.000000 6.050376 16.590278
 0.005000 6.103581 4.640142
 0.010000 6.096560 -7.440026
 0.015000 6.029561 -19.292104
 0.020000 5.904599 -30.569380
 0.025000 5.725359 -40.953453
 0.030000 5.497016 -50.169181
 0.035000 5.225985 -57.996647
 0.040000 4.919628 -64.279514
 0.045000 4.585916 -68.929403
 0.050000 4.233093 -71.925986
 0.055000 3.869342 -73.313331
 0.060000 3.502476 -73.192710
 0.065000 3.139682 -71.712892
 0.070000 2.787306 -69.058547
 0.075000 2.450708 -65.437830
 0.080000 2.134173 -61.070097
 0.085000 1.840887 -56.174313
 0.090000 1.572962 -50.959096
 0.095000 1.331510 -45.614571
 0.100000 1.116754 -40.306485
 0.105000 0.928154 -35.172527
 0.110000 0.764557 -30.320747
 0.115000 0.624344 -25.829857
 0.120000 0.505570 -21.751063
 0.125000 0.406101 -18.110990
 0.130000 0.323719 -14.915401
 0.135000 0.256224 -12.153232
 0.140000 0.201504 -9.800652
 0.145000 0.157589 -7.824987
 0.150000 0.122689 -6.188101
 0.155000 0.095211 -4.849373
 0.160000 0.073766 -3.768069
 0.165000 0.057167 -2.905065
 0.170000 0.044413 -2.224140
 0.175000 0.034676 -1.692709
 0.180000 0.027284 -1.282212
 0.185000 0.020458 -0.876962
 0.190000 0.010204 -0.197862
 0.195000 0.009256 -0.172198
 0.200000 0.008398 -0.147823
 0.205000 0.007680 -0.129271
 0.210000 0.007061 -0.114167
 0.215000 0.006510 -0.100785
 0.220000 0.006024 -0.089415
 0.225000 0.005593 -0.079777
 0.230000 0.005206 -0.071264
 0.235000 0.004861 -0.064204
 0.240000 0.004550 -0.058085
 0.245000 0.004265 -0.052728
 0.250000 0.004009 -0.048288
 0.255000 0.003773 -0.044417
 0.260000 0.003554 -0.041008
 0.265000 0.003353 -0.038092
 0.270000 0.003167 -0.035542
 0.275000 0.002992 -0.033203
 0.280000 0.002829 -0.031142
 0.285000 0.002676 -0.029232
 0.290000 0.002533 -0.027503
 0.295000 0.002398 -0.025858
 0.300000 0.002271 -0.024261
 0.305000 0.002153 -0.022776
 0.310000 0.002041 -0.021299
 0.315000 0.001937 -0.019908
 0.320000 0.001840 -0.018593
 0.325000 0.001750 -0.017322
 0.330000 0.001665 -0.016123
 0.335000 0.001587 -0.014959
 0.340000 0.001514 -0.013858
 0.345000 0.001447 -0.012857
 0.350000 0.001385 -0.011949
 0.355000 0.001326 -0.011066
 0.360000 0.001273 -0.010299
 0.365000 0.001223 -0.009616
 0.370000 0.001176 -0.009016
 0.375000 0.001132 -0.008470
 0.380000 0.001091 -0.007982
 0.385000 0.001052 -0.007525
 0.390000 0.001015 -0.007099
 0.395000 0.000980 -0.006693
 0.400000 0.000948 -0.006311
 0.405000 0.000917 -0.005894
 0.410000 0.000888 -0.005463
 0.415000 0.000862 -0.004985
 0.420000 0.000838 -0.004460
 0.425000 0.000817 -0.003856
 0.430000 0.000799 -0.003197
 0.435000 0.000785 -0.002477
 0.440000 0.000775 -0.001666
 0.445000 0.000769 -0.000804
 0.450000 0.000767 0.000133
 0.455000 0.000770 0.001127
 0.460000 0.000778 0.002181
 0.465000 0.000792 0.003287
 0.470000 0.000811 0.004421
 0.475000 0.000836 0.005554
 0.480000 0.000867 0.006693
 0.485000 0.000903 0.007820
 0.490000 0.000945 0.008914
 0.495000 0.000992 0.009978
 0.500000 0.001045 0.010988
 0.505000 0.001102 0.011950
 0.510000 0.001165 0.012809
 0.515000 0.001231 0.013586
 0.520000 0.001300 0.014285
 0.525000 0.001374 0.014890
 0.530000 0.001450 0.015408
 0.535000 0.001528 0.015855
 0.540000 0.001609 0.016233
 0.545000 0.001691 0.016561
 0.550000 0.001775 0.016849
 0.555000 0.001860 0.017132
 0.560000 0.001947 0.017421
 0.565000 0.002036 0.017747
 0.570000 0.002126 0.018128
 0.575000 0.002218 0.018596
 0.580000 0.002313 0.019159
 0.585000 0.002411 0.019849
 0.590000 0.002512 0.020703
 0.595000 0.002619 0.021749
 0.600000 0.002732 0.022983
 0.605000 0.002851 0.024418
 0.610000 0.002978 0.026052
 0.615000 0.003113 0.027879
 0.620000 0.003259 0.029968
 0.625000 0.003415 0.032248
 0.630000 0.003583 0.034733
 0.635000 0.003765 0.037492
 0.640000 0.003961 0.040455
 0.645000 0.004172 0.043597
 0.650000 0.004400 0.046932
 0.655000 0.004644 0.050442
 0.660000 0.004908 0.054167
 0.665000 0.005189 0.058030
 0.670000 0.005490 0.062021
 0.675000 0.005812 0.066181
 0.680000 0.006156 0.070503
 0.685000 0.006522 0.075015
 0.690000 0.006910 0.079661
 0.695000 0.007322 0.084458
 0.700000 0.007758 0.089439
 0.705000 0.008220 0.094649
 0.710000 0.008710 0.100071
 0.715000 0.009227 0.105794
 0.720000 0.009775 0.111853
 0.725000 0.010354 0.118248
 0.730000 0.010968 0.125141
 0.735000 0.011617 0.132500
 0.740000 0.012307 0.140530
 0.745000 0.013039 0.149215
 0.750000 0.013818 0.158759
 0.755000 0.014653 0.169663
 0.760000 0.015546 0.181860
 0.765000 0.016504 0.195567
 0.770000 0.017543 0.211633
 0.775000 0.018670 0.230199
 0.780000 0.019910 0.252566
 0.785000 0.021282 0.279595
 0.790000 0.022806 0.311938
 0.795000 0.024611 0.358044
 0.800000 0.026616 0.410391
 0.805000 0.028915 0.474386
 0.810000 0.031677 0.560153
 0.815000 0.035877 0.736608
 0.820000 0.039902 0.878251
 0.825000 0.044713 1.052256
 0.830000 0.050488 1.264934
 0.835000 0.057438 1.523267
 0.840000 0.065809 1.834836
 0.845000 0.075888 2.207707
 0.850000 0.088002 2.650122
 0.855000 0.102518 3.170126
 0.860000 0.119844 3.775237
 0.865000 0.140422 4.471735
 0.870000 0.164721 5.264099
 0.875000 0.193225 6.154198
 0.880000 0.226423 7.140563
 0.885000 0.264782 8.217508
 0.890000 0.308731 9.374371
 0.895000 0.358631 10.594810
 0.900000 0.414746 11.856377
 0.905000 0.477214 13.130235
 0.910000 0.546010 14.381320
 0.915000 0.620921 15.568836
 0.920000 0.701516 16.647237
 0.925000 0.787128 17.567645
 0.930000 0.876843 18.279739
 0.935000 0.969494 18.734025
 0.940000 1.063675 18.884468
 0.945000 1.157764 18.691146
 0.950000 1.249960 18.122997
 0.955000 1.338334 17.160374
 0.960000 1.420893 15.797081
 0.965000 1.495648 14.041865
 0.970000 1.560696 11.919343
 0.975000 1.614294 9.469742
 0.980000 1.654937 6.747964
 0.985000 1.681430 3.821727
 0.990000 1.692940 0.768554
 0.995000 1.689042 -2.327345
 1.000000 1.669737 -5.379021
