#! FIELDS cmap hh dhh_cmap
#! SET normalisation  199999.000000
#! SET min_cmap 0
#! SET max_cmap 1
#! SET nbins_cmap  200
#! SET periodic_cmap false
 0.000000 6.473794 17.657189
 0.005000 6.530252 4.871178
 0.010000 6.522279 -8.051153
 0.015000 6.450153 -20.726746
 0.020000 6.316043 -32.784925
 0.025000 6.123903 -43.885409
 0.030000 5.879279 -53.734259
 0.035000 5.589042 -62.096719
 0.040000 5.261071 -68.806049
 0.045000 4.903898 -73.768237
 0.050000 4.526340 -76.962063
 0.055000 4.137149 -78.435092
 0.060000 3.744679 -78.296044
 0.065000 3.356612 -76.704326
 0.070000 2.979729 -73.857669
 0.075000 2.619756 -69.978859
 0.080000 2.281270 -65.302515
 0.085000 1.967669 -60.062844
 0.090000 1.681207 -54.482838
 0.095000 1.423068 -48.765708
 0.100000 1.193482 -43.088563
 0.105000 0.991869 -37.598456
 0.110000 0.816992 -32.410759
 0.115000 0.667116 -27.609470
 0.120000 0.540161 -23.249186
 0.125000 0.433841 -19.358249
 0.130000 0.345785 -15.942706
 0.135000 0.273641 -12.990627
 0.140000 0.215149 -10.476487
 0.145000 0.168204 -8.365272
 0.150000 0.130892 -6.616202
 0.155000 0.101511 -5.185826
 0.160000 0.078576 -4.030568
 0.165000 0.060817 -3.108613
 0.170000 0.047166 -2.381227
 0.175000 0.036739 -1.813580
 0.180000 0.028815 -1.375126
 0.185000 0.021451 -0.938978
 0.190000 0.010524 -0.217431
 0.195000 0.009481 -0.189790
 0.200000 0.008535 -0.163524
 0.205000 0.007740 -0.143382
 0.210000 0.007053 -0.126960
 0.215000 0.006439 -0.112192
 0.220000 0.005898 -0.099557
 0.225000 0.005420 -0.088681
 0.230000 0.004991 -0.079016
 0.235000 0.004610 -0.070696
 0.240000 0.004268 -0.063323
 0.245000 0.003961 -0.056897
 0.250000 0.003685 -0.051224
 0.255000 0.003437 -0.046278
 0.260000 0.003212 -0.041894
 0.265000 0.003009 -0.038024
 0.270000 0.002824 -0.034575
 0.275000 0.002656 -0.031480
 0.280000 0.002503 -0.028731
 0.285000 0.002363 -0.026255
 0.290000 0.002236 -0.024053
 0.295000 0.002119 -0.022026
 0.300000 0.002012 -0.020193
 0.305000 0.001914 -0.018513
 0.310000 0.001825 -0.016979
 0.315000 0.001743 -0.015586
 0.320000 0.001667 -0.014283
 0.325000 0.001598 -0.013091
 0.330000 0.001534 -0.011972
 0.335000 0.001476 -0.010991
 0.340000 0.001423 -0.010097
 0.345000 0.001374 -0.009294
 0.350000 0.001329 -0.008590
 0.355000 0.001287 -0.007927
 0.360000 0.001248 -0.007368
 0.365000 0.001212 -0.006856
 0.370000 0.001179 -0.006406
 0.375000 0.001147 -0.006024
 0.380000 0.001118 -0.005678
 0.385000 0.001090 -0.005386
 0.390000 0.001063 -0.005126
 0.395000 0.001038 -0.004887
 0.400000 0.001014 -0.004693
 0.405000 0.000991 -0.004480
 0.410000 0.000969 -0.004295
 0.415000 0.000947 -0.004132
 0.420000 0.000927 -0.003977
 0.425000 0.000908 -0.003831
 0.430000 0.000889 -0.003674
 0.435000 0.000871 -0.003523
 0.440000 0.000854 -0.003346
 0.445000 0.000837 -0.003152
 0.450000 0.000822 -0.002944
 0.455000 0.000808 -0.002700
 0.460000 0.000795 -0.002386
 0.465000 0.000784 -0.002026
 0.470000 0.000775 -0.001598
 0.475000 0.000768 -0.001109
 0.480000 0.000764 -0.000532
 0.485000 0.000763 0.000125
 0.490000 0.000766 0.000872
 0.495000 0.000772 0.001700
 0.500000 0.000783 0.002627
 0.505000 0.000799 0.003614
 0.510000 0.000820 0.004706
 0.515000 0.000846 0.005826
 0.520000 0.000879 0.007014
 0.525000 0.000917 0.008244
 0.530000 0.000962 0.009500
 0.535000 0.001013 0.010791
 0.540000 0.001070 0.012065
 0.545000 0.001134 0.013371
 0.550000 0.001204 0.014660
 0.555000 0.001281 0.015919
 0.560000 0.001364 0.017189
 0.565000 0.001453 0.018448
 0.570000 0.001549 0.019707
 0.575000 0.001652 0.020964
 0.580000 0.001760 0.022226
 0.585000 0.001875 0.023521
 0.590000 0.001997 0.024868
 0.595000 0.002125 0.026233
 0.600000 0.002260 0.027703
 0.605000 0.002403 0.029202
 0.610000 0.002553 0.030779
 0.615000 0.002712 0.032451
 0.620000 0.002879 0.034248
 0.625000 0.003056 0.036118
 0.630000 0.003242 0.038089
 0.635000 0.003438 0.040158
 0.640000 0.003645 0.042335
 0.645000 0.003863 0.044595
 0.650000 0.004093 0.046965
 0.655000 0.004334 0.049385
 0.660000 0.004588 0.051858
 0.665000 0.004855 0.054405
 0.670000 0.005134 0.056997
 0.675000 0.005427 0.059592
 0.680000 0.005732 0.062215
 0.685000 0.006051 0.064839
 0.690000 0.006384 0.067471
 0.695000 0.006729 0.070065
 0.700000 0.007087 0.072608
 0.705000 0.007458 0.075168
 0.710000 0.007842 0.077676
 0.715000 0.008240 0.080239
 0.720000 0.008650 0.082816
 0.725000 0.009074 0.085473
 0.730000 0.009512 0.088261
 0.735000 0.009965 0.091332
 0.740000 0.010437 0.094825
 0.745000 0.010928 0.098868
 0.750000 0.011441 0.103529
 0.755000 0.011981 0.109157
 0.760000 0.012555 0.116101
 0.765000 0.013170 0.124610
 0.770000 0.013837 0.135310
 0.775000 0.014562 0.148266
 0.780000 0.015368 0.164616
 0.785000 0.016272 0.185107
 0.790000 0.017295 0.210313
 0.795000 0.018538 0.246800
 0.800000 0.019944 0.288932
 0.805000 0.021585 0.340492
 0.810000 0.023591 0.409052
 0.815000 0.026711 0.547365
 0.820000 0.029719 0.659608
 0.825000 0.033349 0.796892
 0.830000 0.037737 0.963867
 0.835000 0.043045 1.165738
 0.840000 0.049461 1.408169
 0.845000 0.057204 1.697194
 0.850000 0.066521 2.038963
 0.855000 0.077691 2.439549
 0.860000 0.091023 2.904555
 0.865000 0.106851 3.438753
 0.870000 0.125531 4.045475
 0.875000 0.147429 4.726186
 0.880000 0.172913 5.479677
 0.885000 0.202339 6.301667
 0.890000 0.236030 7.184012
 0.895000 0.274259 8.114286
 0.900000 0.317224 9.075411
 0.905000 0.365027 10.045389
 0.910000 0.417647 10.997574
 0.915000 0.474920 11.900845
 0.920000 0.536516 12.720496
 0.925000 0.601923 13.419332
 0.930000 0.670442 13.959001
 0.935000 0.741183 14.301824
 0.940000 0.813072 14.412714
 0.945000 0.884871 14.261284
 0.950000 0.955206 13.823960
 0.955000 1.022607 13.085794
 0.960000 1.085553 12.042082
 0.965000 1.142527 10.699721
 0.970000 1.192081 9.077418
 0.975000 1.232884 7.206026
 0.980000 1.263794 5.127486
 0.985000 1.283898 2.893473
 0.990000 1.292565 0.563147
 0.995000 1.289474 -1.799198
 1.000000 1.274628 -4.127363
