#! FIELDS cmap hh dhh_cmap
#! SET normalisation  199999.000000
#! SET min_cmap 0
#! SET max_cmap 1
#! SET nbins_cmap  200
#! SET periodic_cmap false
 0.000000 6.605744 18.028291
 0.005000 6.663401 4.978606
 0.010000 6.655297 -8.210780
 0.015000 6.581713 -21.148795
 0.020000 6.444861 -33.456991
 0.025000 6.248775 -44.787922
 0.030000 5.999115 -54.841409
 0.035000 5.702894 -63.377666
 0.040000 5.368156 -70.226408
 0.045000 5.003607 -75.291523
 0.050000 4.618253 -78.551244
 0.055000 4.221027 -80.054045
 0.060000 3.820459 -79.910913
 0.065000 3.424392 -78.284554
 0.070000 3.039751 -75.376858
 0.075000 2.672381 -71.415310
 0.080000 2.326955 -66.639533
 0.085000 2.006944 -61.288697
 0.090000 1.714646 -55.590563
 0.095000 1.451270 -49.752682
 0.100000 1.217049 -43.955944
 0.105000 1.011390 -38.350560
 0.110000 0.833027 -33.054340
 0.115000 0.680187 -28.153082
 0.120000 0.550744 -23.702514
 0.125000 0.442361 -19.731558
 0.130000 0.352617 -16.246331
 0.135000 0.279108 -13.234597
 0.140000 0.219525 -10.670227
 0.145000 0.171719 -8.517395
 0.150000 0.133735 -6.734380
 0.155000 0.103833 -5.276761
 0.160000 0.080499 -4.099979
 0.165000 0.062437 -3.161281
 0.170000 0.048556 -2.421081
 0.175000 0.037955 -1.843789
 0.180000 0.029899 -1.398214
 0.185000 0.022426 -0.956331
 0.190000 0.011260 -0.219521
 0.195000 0.010203 -0.192797
 0.200000 0.009238 -0.167327
 0.205000 0.008421 -0.148031
 0.210000 0.007711 -0.132409
 0.215000 0.007067 -0.118116
 0.220000 0.006495 -0.106051
 0.225000 0.005983 -0.095723
 0.230000 0.005517 -0.086405
 0.235000 0.005099 -0.078583
 0.240000 0.004717 -0.071530
 0.245000 0.004367 -0.065268
 0.250000 0.004051 -0.059980
 0.255000 0.003758 -0.055135
 0.260000 0.003489 -0.050828
 0.265000 0.003241 -0.046986
 0.270000 0.003011 -0.043504
 0.275000 0.002799 -0.040341
 0.280000 0.002603 -0.037421
 0.285000 0.002420 -0.034671
 0.290000 0.002251 -0.032147
 0.295000 0.002094 -0.029772
 0.300000 0.001949 -0.027546
 0.305000 0.001816 -0.025451
 0.310000 0.001692 -0.023486
 0.315000 0.001579 -0.021659
 0.320000 0.001474 -0.019895
 0.325000 0.001377 -0.018209
 0.330000 0.001289 -0.016711
 0.335000 0.001208 -0.015306
 0.340000 0.001134 -0.013997
 0.345000 0.001067 -0.012828
 0.350000 0.001005 -0.011749
 0.355000 0.000948 -0.010774
 0.360000 0.000896 -0.009873
 0.365000 0.000848 -0.009085
 0.370000 0.000804 -0.008346
 0.375000 0.000764 -0.007711
 0.380000 0.000726 -0.007129
 0.385000 0.000692 -0.006590
 0.390000 0.000660 -0.006093
 0.395000 0.000630 -0.005624
 0.400000 0.000603 -0.005166
 0.405000 0.000578 -0.004730
 0.410000 0.000555 -0.004306
 0.415000 0.000535 -0.003884
 0.420000 0.000516 -0.003422
 0.425000 0.000500 -0.002994
 0.430000 0.000486 -0.002542
 0.435000 0.000475 -0.002091
 0.440000 0.000465 -0.001621
 0.445000 0.000458 -0.001148
 0.450000 0.000453 -0.000684
 0.455000 0.000451 -0.000196
 0.460000 0.000452 0.000321
 0.465000 0.000455 0.000860
 0.470000 0.000460 0.001417
 0.475000 0.000469 0.002018
 0.480000 0.000481 0.002645
 0.485000 0.000496 0.003336
 0.490000 0.000514 0.004055
 0.495000 0.000537 0.004835
 0.500000 0.000563 0.005701
 0.505000 0.000595 0.006604
 0.510000 0.000630 0.007563
 0.515000 0.000671 0.008618
 0.520000 0.000717 0.009714
 0.525000 0.000769 0.010892
 0.530000 0.000827 0.012129
 0.535000 0.000891 0.013415
 0.540000 0.000961 0.014756
 0.545000 0.001039 0.016159
 0.550000 0.001124 0.017604
 0.555000 0.001216 0.019083
 0.560000 0.001315 0.020597
 0.565000 0.001423 0.022181
 0.570000 0.001538 0.023785
 0.575000 0.001661 0.025441
 0.580000 0.001793 0.027136
 0.585000 0.001934 0.028906
 0.590000 0.002083 0.030727
 0.595000 0.002242 0.032617
 0.600000 0.002411 0.034550
 0.605000 0.002589 0.036539
 0.610000 0.002777 0.038565
 0.615000 0.002975 0.040608
 0.620000 0.003184 0.042687
 0.625000 0.003404 0.044744
 0.630000 0.003633 0.046752
 0.635000 0.003873 0.048727
 0.640000 0.004122 0.050595
 0.645000 0.004381 0.052362
 0.650000 0.004647 0.053951
 0.655000 0.004921 0.055401
 0.660000 0.005203 0.056707
 0.665000 0.005490 0.057807
 0.670000 0.005782 0.058752
 0.675000 0.006079 0.059566
 0.680000 0.006380 0.060281
 0.685000 0.006684 0.060947
 0.690000 0.006991 0.061606
 0.695000 0.007303 0.062357
 0.700000 0.007618 0.063255
 0.705000 0.007939 0.064333
 0.710000 0.008266 0.065678
 0.715000 0.008600 0.067331
 0.720000 0.008944 0.069384
 0.725000 0.009301 0.071963
 0.730000 0.009671 0.074992
 0.735000 0.010058 0.078554
 0.740000 0.010466 0.082763
 0.745000 0.010897 0.087713
 0.750000 0.011356 0.093388
 0.755000 0.011848 0.100083
 0.760000 0.012379 0.107895
 0.765000 0.012953 0.116951
 0.770000 0.013577 0.127481
 0.775000 0.014261 0.139919
 0.780000 0.015020 0.154965
 0.785000 0.015869 0.173293
 0.790000 0.016821 0.195260
 0.795000 0.017970 0.227013
 0.800000 0.019256 0.263229
 0.805000 0.020742 0.307374
 0.810000 0.022547 0.366551
 0.815000 0.025342 0.488214
 0.820000 0.028019 0.586176
 0.825000 0.031240 0.706608
 0.830000 0.035129 0.853850
 0.835000 0.039831 1.032741
 0.840000 0.045518 1.248527
 0.845000 0.052387 1.506769
 0.850000 0.060665 1.813167
 0.855000 0.070607 2.173236
 0.860000 0.082495 2.592154
 0.865000 0.096633 3.074280
 0.870000 0.113347 3.622624
 0.875000 0.132971 4.238481
 0.880000 0.155842 4.920857
 0.885000 0.182283 5.665694
 0.890000 0.212590 6.465642
 0.895000 0.247011 7.309353
 0.900000 0.285729 8.181264
 0.905000 0.328837 9.061443
 0.910000 0.376316 9.925643
 0.915000 0.428019 10.745616
 0.920000 0.483646 11.489890
 0.925000 0.542735 12.124719
 0.930000 0.604651 12.615386
 0.935000 0.668590 12.927720
 0.940000 0.733577 13.030000
 0.945000 0.798492 12.894717
 0.950000 0.862091 12.500581
 0.955000 0.923042 11.834078
 0.960000 0.979969 10.891087
 0.965000 1.031500 9.677763
 0.970000 1.076322 8.211258
 0.975000 1.113235 6.519439
 0.980000 1.141203 4.640315
 0.985000 1.159402 2.620684
 0.990000 1.167262 0.514103
 0.995000 1.164493 -1.621310
 1.000000 1.151098 -3.725603
