#! FIELDS cmap hh dhh_cmap
#! SET normalisation  199999.000000
#! SET min_cmap 0
#! SET max_cmap 1
#! SET nbins_cmap  200
#! SET periodic_cmap false
 0.000000 7.062819 19.340795
 0.005000 7.124809 5.395309
 0.010000 7.116521 -8.700784
 0.015000 7.038248 -22.529652
 0.020000 6.892346 -35.686854
 0.025000 6.683121 -47.801044
 0.030000 6.416613 -58.551334
 0.035000 6.100313 -67.681351
 0.040000 5.742808 -75.008922
 0.045000 5.353404 -80.431128
 0.050000 4.941716 -83.924493
 0.055000 4.517291 -85.540608
 0.060000 4.089245 -85.397808
 0.065000 3.665958 -83.669766
 0.070000 3.254832 -80.572020
 0.075000 2.862117 -76.347515
 0.080000 2.492808 -71.252151
 0.085000 2.150620 -65.541397
 0.090000 1.838014 -59.458580
 0.095000 1.556283 -53.225452
 0.100000 1.305686 -47.035287
 0.105000 1.085590 -41.048612
 0.110000 0.894649 -35.391370
 0.115000 0.730972 -30.155278
 0.120000 0.592293 -25.399961
 0.125000 0.476118 -21.156392
 0.130000 0.379864 -17.431190
 0.135000 0.300963 -14.211371
 0.140000 0.236954 -11.469077
 0.145000 0.185540 -9.166110
 0.150000 0.144635 -7.257964
 0.155000 0.112382 -5.697237
 0.160000 0.087163 -4.436365
 0.165000 0.067595 -3.429737
 0.170000 0.052513 -2.635089
 0.175000 0.040954 -2.014434
 0.180000 0.032134 -1.534474
 0.185000 0.023951 -1.058089
 0.190000 0.011856 -0.267650
 0.195000 0.010571 -0.235273
 0.200000 0.009402 -0.204174
 0.205000 0.008410 -0.179758
 0.210000 0.007549 -0.159402
 0.215000 0.006779 -0.140870
 0.220000 0.006101 -0.124801
 0.225000 0.005504 -0.110798
 0.230000 0.004970 -0.098093
 0.235000 0.004500 -0.087030
 0.240000 0.004083 -0.077253
 0.245000 0.003710 -0.068383
 0.250000 0.003382 -0.060751
 0.255000 0.003090 -0.053953
 0.260000 0.002831 -0.047871
 0.265000 0.002601 -0.042541
 0.270000 0.002396 -0.037789
 0.275000 0.002215 -0.033613
 0.280000 0.002053 -0.029911
 0.285000 0.001908 -0.026609
 0.290000 0.001780 -0.023729
 0.295000 0.001666 -0.021237
 0.300000 0.001564 -0.018988
 0.305000 0.001472 -0.017069
 0.310000 0.001390 -0.015418
 0.315000 0.001315 -0.013960
 0.320000 0.001247 -0.012721
 0.325000 0.001185 -0.011681
 0.330000 0.001128 -0.010805
 0.335000 0.001075 -0.010095
 0.340000 0.001025 -0.009520
 0.345000 0.000978 -0.009062
 0.350000 0.000933 -0.008701
 0.355000 0.000890 -0.008406
 0.360000 0.000848 -0.008164
 0.365000 0.000807 -0.007964
 0.370000 0.000768 -0.007782
 0.375000 0.000729 -0.007578
 0.380000 0.000691 -0.007369
 0.385000 0.000655 -0.007132
 0.390000 0.000620 -0.006866
 0.395000 0.000586 -0.006537
 0.400000 0.000554 -0.006182
 0.405000 0.000524 -0.005782
 0.410000 0.000496 -0.005343
 0.415000 0.000470 -0.004865
 0.420000 0.000447 -0.004370
 0.425000 0.000426 -0.003850
 0.430000 0.000408 -0.003311
 0.435000 0.000393 -0.002764
 0.440000 0.000380 -0.002237
 0.445000 0.000370 -0.001713
 0.450000 0.000363 -0.001213
 0.455000 0.000358 -0.000735
 0.460000 0.000356 -0.000276
 0.465000 0.000355 0.000153
 0.470000 0.000357 0.000561
 0.475000 0.000361 0.000944
 0.480000 0.000366 0.001301
 0.485000 0.000374 0.001621
 0.490000 0.000383 0.001910
 0.495000 0.000393 0.002192
 0.500000 0.000405 0.002455
 0.505000 0.000418 0.002681
 0.510000 0.000432 0.002896
 0.515000 0.000447 0.003107
 0.520000 0.000463 0.003293
 0.525000 0.000480 0.003485
 0.530000 0.000498 0.003679
 0.535000 0.000517 0.003886
 0.540000 0.000537 0.004130
 0.545000 0.000559 0.004417
 0.550000 0.000582 0.004751
 0.555000 0.000607 0.005174
 0.560000 0.000634 0.005664
 0.565000 0.000664 0.006250
 0.570000 0.000697 0.006953
 0.575000 0.000734 0.007801
 0.580000 0.000776 0.008775
 0.585000 0.000823 0.009887
 0.590000 0.000876 0.011157
 0.595000 0.000935 0.012555
 0.600000 0.001002 0.014104
 0.605000 0.001077 0.015756
 0.610000 0.001160 0.017518
 0.615000 0.001253 0.019362
 0.620000 0.001355 0.021260
 0.625000 0.001466 0.023180
 0.630000 0.001587 0.025114
 0.635000 0.001718 0.027003
 0.640000 0.001858 0.028853
 0.645000 0.002007 0.030599
 0.650000 0.002165 0.032252
 0.655000 0.002331 0.033769
 0.660000 0.002503 0.035124
 0.665000 0.002682 0.036325
 0.670000 0.002867 0.037403
 0.675000 0.003058 0.038344
 0.680000 0.003252 0.039126
 0.685000 0.003451 0.039816
 0.690000 0.003652 0.040384
 0.695000 0.003856 0.040881
 0.700000 0.004062 0.041364
 0.705000 0.004271 0.041826
 0.710000 0.004483 0.042357
 0.715000 0.004697 0.043002
 0.720000 0.004916 0.043828
 0.725000 0.005140 0.044875
 0.730000 0.005369 0.046149
 0.735000 0.005606 0.047814
 0.740000 0.005852 0.049901
 0.745000 0.006111 0.052466
 0.750000 0.006384 0.055597
 0.755000 0.006679 0.059596
 0.760000 0.006995 0.064453
 0.765000 0.007338 0.070207
 0.770000 0.007717 0.077252
 0.775000 0.008133 0.085583
 0.780000 0.008601 0.095827
 0.785000 0.009129 0.108239
 0.790000 0.009726 0.123015
 0.795000 0.010453 0.144130
 0.800000 0.011271 0.168046
 0.805000 0.012216 0.196553
 0.810000 0.013371 0.234705
 0.815000 0.015156 0.312245
 0.820000 0.016867 0.374429
 0.825000 0.018923 0.450495
 0.830000 0.021400 0.543139
 0.835000 0.024387 0.655420
 0.840000 0.027992 0.790650
 0.845000 0.032337 0.952350
 0.850000 0.037565 1.144150
 0.855000 0.043835 1.369628
 0.860000 0.051323 1.632118
 0.865000 0.060222 1.934424
 0.870000 0.070736 2.278526
 0.875000 0.083078 2.665358
 0.880000 0.097459 3.094328
 0.885000 0.114087 3.562971
 0.890000 0.133147 4.066682
 0.895000 0.154800 4.598371
 0.900000 0.179161 5.148231
 0.905000 0.206291 5.703708
 0.910000 0.236181 6.249478
 0.915000 0.268740 6.767747
 0.920000 0.303779 7.238628
 0.925000 0.341010 7.640765
 0.930000 0.380035 7.952232
 0.935000 0.420345 8.151466
 0.940000 0.461328 8.218403
 0.945000 0.502278 8.135615
 0.950000 0.542411 7.889599
 0.955000 0.580887 7.471816
 0.960000 0.616837 6.879553
 0.965000 0.649397 6.116693
 0.970000 0.677737 5.193921
 0.975000 0.701098 4.128805
 0.980000 0.718826 2.945237
 0.985000 0.730401 1.672660
 0.990000 0.735459 0.344834
 0.995000 0.733817 -1.001576
 1.000000 0.725474 -2.328840
