#! FIELDS cmap hh dhh_cmap
#! SET normalisation  199999.000000
#! SET min_cmap 0
#! SET max_cmap 1
#! SET nbins_cmap  200
#! SET periodic_cmap false
 0.000000 5.941711 16.301904
 0.005000 5.994012 4.567732
 0.010000 5.987175 -7.294416
 0.015000 5.921442 -18.932869
 0.020000 5.798789 -30.007216
 0.025000 5.622833 -40.204788
 0.030000 5.398656 -49.255356
 0.035000 5.132555 -56.942902
 0.040000 4.831759 -63.113849
 0.045000 4.504093 -67.681330
 0.050000 4.157655 -70.625307
 0.055000 3.800478 -71.988940
 0.060000 3.440236 -71.871638
 0.065000 3.083988 -70.419407
 0.070000 2.737966 -67.813555
 0.075000 2.407435 -64.258487
 0.080000 2.096605 -59.969583
 0.085000 1.808604 -55.161933
 0.090000 1.545508 -50.040441
 0.095000 1.308410 -44.791873
 0.100000 1.097528 -39.579078
 0.105000 0.912332 -34.537339
 0.110000 0.751691 -29.772842
 0.115000 0.614012 -25.362942
 0.120000 0.497385 -21.357977
 0.125000 0.399712 -17.784132
 0.130000 0.318815 -14.647074
 0.135000 0.252531 -11.935932
 0.140000 0.198785 -9.627283
 0.145000 0.155641 -7.688976
 0.150000 0.121340 -6.083511
 0.155000 0.094318 -4.770946
 0.160000 0.073209 -3.711185
 0.165000 0.056849 -2.865738
 0.170000 0.044255 -2.198962
 0.175000 0.034615 -1.678802
 0.180000 0.027269 -1.277148
 0.185000 0.020465 -0.879770
 0.190000 0.010317 -0.215082
 0.195000 0.009280 -0.190100
 0.200000 0.008330 -0.165976
 0.205000 0.007520 -0.147382
 0.210000 0.006811 -0.131869
 0.215000 0.006171 -0.117684
 0.220000 0.005603 -0.105359
 0.225000 0.005096 -0.094491
 0.230000 0.004639 -0.084479
 0.235000 0.004232 -0.075694
 0.240000 0.003867 -0.067658
 0.245000 0.003540 -0.060474
 0.250000 0.003250 -0.054029
 0.255000 0.002990 -0.048176
 0.260000 0.002758 -0.042920
 0.265000 0.002553 -0.038204
 0.270000 0.002370 -0.033899
 0.275000 0.002208 -0.030071
 0.280000 0.002064 -0.026667
 0.285000 0.001937 -0.023550
 0.290000 0.001824 -0.020804
 0.295000 0.001725 -0.018367
 0.300000 0.001637 -0.016187
 0.305000 0.001560 -0.014292
 0.310000 0.001491 -0.012653
 0.315000 0.001430 -0.011242
 0.320000 0.001376 -0.010040
 0.325000 0.001328 -0.009001
 0.330000 0.001284 -0.008108
 0.335000 0.001245 -0.007402
 0.340000 0.001209 -0.006829
 0.345000 0.001175 -0.006347
 0.350000 0.001144 -0.005957
 0.355000 0.001114 -0.005646
 0.360000 0.001087 -0.005375
 0.365000 0.001060 -0.005142
 0.370000 0.001034 -0.004937
 0.375000 0.001010 -0.004722
 0.380000 0.000986 -0.004478
 0.385000 0.000964 -0.004237
 0.390000 0.000944 -0.003970
 0.395000 0.000924 -0.003676
 0.400000 0.000907 -0.003350
 0.405000 0.000891 -0.002965
 0.410000 0.000877 -0.002572
 0.415000 0.000865 -0.002139
 0.420000 0.000855 -0.001669
 0.425000 0.000848 -0.001199
 0.430000 0.000844 -0.000688
 0.435000 0.000842 -0.000185
 0.440000 0.000842 0.000317
 0.445000 0.000845 0.000838
 0.450000 0.000850 0.001373
 0.455000 0.000859 0.001895
 0.460000 0.000869 0.002427
 0.465000 0.000883 0.002976
 0.470000 0.000899 0.003532
 0.475000 0.000918 0.004114
 0.480000 0.000940 0.004722
 0.485000 0.000966 0.005376
 0.490000 0.000994 0.006056
 0.495000 0.001027 0.006807
 0.500000 0.001063 0.007592
 0.505000 0.001103 0.008437
 0.510000 0.001148 0.009329
 0.515000 0.001197 0.010262
 0.520000 0.001251 0.011230
 0.525000 0.001310 0.012215
 0.530000 0.001374 0.013243
 0.535000 0.001443 0.014279
 0.540000 0.001518 0.015308
 0.545000 0.001597 0.016335
 0.550000 0.001682 0.017345
 0.555000 0.001772 0.018375
 0.560000 0.001866 0.019360
 0.565000 0.001966 0.020342
 0.570000 0.002070 0.021332
 0.575000 0.002180 0.022364
 0.580000 0.002296 0.023455
 0.585000 0.002416 0.024602
 0.590000 0.002543 0.025844
 0.595000 0.002677 0.027224
 0.600000 0.002818 0.028776
 0.605000 0.002967 0.030527
 0.610000 0.003125 0.032507
 0.615000 0.003293 0.034689
 0.620000 0.003474 0.037156
 0.625000 0.003668 0.039936
 0.630000 0.003876 0.043004
 0.635000 0.004101 0.046330
 0.640000 0.004342 0.049897
 0.645000 0.004602 0.053741
 0.650000 0.004882 0.057806
 0.655000 0.005183 0.062084
 0.660000 0.005506 0.066534
 0.665000 0.005852 0.071207
 0.670000 0.006222 0.075956
 0.675000 0.006615 0.080849
 0.680000 0.007034 0.085842
 0.685000 0.007478 0.090939
 0.690000 0.007947 0.096103
 0.695000 0.008442 0.101352
 0.700000 0.008965 0.106721
 0.705000 0.009514 0.112149
 0.710000 0.010092 0.117779
 0.715000 0.010698 0.123538
 0.720000 0.011335 0.129555
 0.725000 0.012002 0.135732
 0.730000 0.012703 0.142342
 0.735000 0.013438 0.149267
 0.740000 0.014210 0.156707
 0.745000 0.015022 0.164803
 0.750000 0.015879 0.173757
 0.755000 0.016786 0.183846
 0.760000 0.017751 0.195416
 0.765000 0.018778 0.208587
 0.770000 0.019883 0.224332
 0.775000 0.021075 0.242719
 0.780000 0.022377 0.265030
 0.785000 0.023816 0.292674
 0.790000 0.025409 0.325948
 0.795000 0.027301 0.374346
 0.800000 0.029402 0.429799
 0.805000 0.031811 0.497530
 0.810000 0.034713 0.588755
 0.815000 0.039136 0.776141
 0.820000 0.043381 0.927138
 0.825000 0.048465 1.112713
 0.830000 0.054577 1.339512
 0.835000 0.061941 1.614883
 0.840000 0.070820 1.946857
 0.845000 0.081517 2.343879
 0.850000 0.094381 2.814643
 0.855000 0.109800 3.367610
 0.860000 0.128207 4.010674
 0.865000 0.150067 4.750404
 0.870000 0.175879 5.591483
 0.875000 0.206154 6.535832
 0.880000 0.241406 7.581789
 0.885000 0.282130 8.723264
 0.890000 0.328778 9.948838
 0.895000 0.381729 11.241179
 0.900000 0.441260 12.576402
 0.905000 0.507512 13.923904
 0.910000 0.580457 15.246511
 0.915000 0.659863 16.501003
 0.920000 0.745272 17.639162
 0.925000 0.835973 18.609199
 0.930000 0.930994 19.357964
 0.935000 1.029095 19.833183
 0.940000 1.128786 19.986251
 0.945000 1.228348 19.775054
 0.950000 1.325872 19.166915
 0.955000 1.419318 18.141228
 0.960000 1.506575 16.691697
 0.965000 1.585541 14.827858
 0.970000 1.654203 12.575929
 0.975000 1.710721 9.978744
 0.980000 1.753509 7.094510
 0.985000 1.781305 3.995013
 0.990000 1.793234 0.762473
 0.995000 1.788852 -2.514066
 1.000000 1.768169 -5.742717
