#! FIELDS cmap hh dhh_cmap
#! SET normalisation  199999.000000
#! SET min_cmap 0
#! SET max_cmap 1
#! SET nbins_cmap  200
#! SET periodic_cmap false
 0.000000 6.916198 18.939812
 0.005000 6.976896 5.280223
 0.010000 6.968754 -8.527376
 0.015000 6.892059 -22.073666
 0.020000 6.749116 -34.962432
 0.025000 6.544140 -46.829850
 0.030000 6.283048 -57.361484
 0.035000 5.973174 -66.306082
 0.040000 5.622934 -73.485028
 0.045000 5.241440 -78.797407
 0.050000 4.838114 -82.220090
 0.055000 4.422308 -83.803498
 0.060000 4.002955 -83.663448
 0.065000 3.588265 -81.970018
 0.070000 3.185493 -78.934316
 0.075000 2.800764 -74.794310
 0.080000 2.438973 -69.800704
 0.085000 2.103762 -64.203808
 0.090000 1.797542 -58.242067
 0.095000 1.521586 -52.132786
 0.100000 1.276143 -46.065418
 0.105000 1.060597 -40.197321
 0.110000 0.873630 -34.651965
 0.115000 0.713388 -29.519320
 0.120000 0.577650 -24.857865
 0.125000 0.463972 -20.698034
 0.130000 0.369822 -17.046367
 0.135000 0.292682 -13.890178
 0.140000 0.230140 -11.202215
 0.145000 0.179942 -8.945082
 0.150000 0.140043 -7.075168
 0.155000 0.108623 -5.546020
 0.160000 0.084093 -4.311033
 0.165000 0.065097 -3.325472
 0.170000 0.050492 -2.547911
 0.175000 0.039333 -1.941100
 0.180000 0.030851 -1.472377
 0.185000 0.022994 -1.008015
 0.190000 0.011278 -0.234904
 0.195000 0.010150 -0.204982
 0.200000 0.009124 -0.176386
 0.205000 0.008265 -0.154634
 0.210000 0.007525 -0.136854
 0.215000 0.006863 -0.120833
 0.220000 0.006279 -0.107009
 0.225000 0.005764 -0.095116
 0.230000 0.005306 -0.084619
 0.235000 0.004899 -0.075565
 0.240000 0.004534 -0.067448
 0.245000 0.004207 -0.060262
 0.250000 0.003916 -0.054092
 0.255000 0.003654 -0.048640
 0.260000 0.003419 -0.043876
 0.265000 0.003207 -0.039623
 0.270000 0.003015 -0.035889
 0.275000 0.002841 -0.032623
 0.280000 0.002682 -0.029735
 0.285000 0.002538 -0.027196
 0.290000 0.002406 -0.025002
 0.295000 0.002284 -0.023040
 0.300000 0.002171 -0.021322
 0.305000 0.002066 -0.019855
 0.310000 0.001969 -0.018561
 0.315000 0.001878 -0.017433
 0.320000 0.001793 -0.016429
 0.325000 0.001712 -0.015509
 0.330000 0.001636 -0.014678
 0.335000 0.001564 -0.013927
 0.340000 0.001495 -0.013188
 0.345000 0.001430 -0.012485
 0.350000 0.001369 -0.011833
 0.355000 0.001311 -0.011173
 0.360000 0.001256 -0.010528
 0.365000 0.001205 -0.009882
 0.370000 0.001157 -0.009196
 0.375000 0.001112 -0.008511
 0.380000 0.001071 -0.007825
 0.385000 0.001033 -0.007135
 0.390000 0.000999 -0.006453
 0.395000 0.000968 -0.005776
 0.400000 0.000941 -0.005115
 0.405000 0.000917 -0.004444
 0.410000 0.000896 -0.003822
 0.415000 0.000878 -0.003239
 0.420000 0.000863 -0.002701
 0.425000 0.000851 -0.002169
 0.430000 0.000842 -0.001664
 0.435000 0.000834 -0.001227
 0.440000 0.000829 -0.000823
 0.445000 0.000826 -0.000446
 0.450000 0.000825 -0.000090
 0.455000 0.000825 0.000248
 0.460000 0.000827 0.000595
 0.465000 0.000831 0.000941
 0.470000 0.000837 0.001311
 0.475000 0.000844 0.001743
 0.480000 0.000854 0.002198
 0.485000 0.000866 0.002717
 0.490000 0.000882 0.003295
 0.495000 0.000900 0.003970
 0.500000 0.000922 0.004726
 0.505000 0.000947 0.005565
 0.510000 0.000978 0.006478
 0.515000 0.001013 0.007473
 0.520000 0.001053 0.008539
 0.525000 0.001099 0.009661
 0.530000 0.001150 0.010836
 0.535000 0.001208 0.012042
 0.540000 0.001271 0.013242
 0.545000 0.001341 0.014461
 0.550000 0.001416 0.015664
 0.555000 0.001498 0.016858
 0.560000 0.001585 0.018017
 0.565000 0.001678 0.019146
 0.570000 0.001777 0.020253
 0.575000 0.001881 0.021313
 0.580000 0.001991 0.022365
 0.585000 0.002106 0.023395
 0.590000 0.002225 0.024394
 0.595000 0.002350 0.025426
 0.600000 0.002480 0.026461
 0.605000 0.002616 0.027523
 0.610000 0.002756 0.028596
 0.615000 0.002903 0.029742
 0.620000 0.003055 0.030900
 0.625000 0.003213 0.032104
 0.630000 0.003377 0.033356
 0.635000 0.003548 0.034621
 0.640000 0.003725 0.035898
 0.645000 0.003908 0.037133
 0.650000 0.004097 0.038368
 0.655000 0.004293 0.039565
 0.660000 0.004495 0.040735
 0.665000 0.004701 0.041800
 0.670000 0.004913 0.042784
 0.675000 0.005130 0.043738
 0.680000 0.005352 0.044631
 0.685000 0.005578 0.045499
 0.690000 0.005809 0.046345
 0.695000 0.006044 0.047249
 0.700000 0.006284 0.048191
 0.705000 0.006528 0.049228
 0.710000 0.006778 0.050389
 0.715000 0.007035 0.051786
 0.720000 0.007300 0.053448
 0.725000 0.007574 0.055357
 0.730000 0.007859 0.057622
 0.735000 0.008157 0.060306
 0.740000 0.008471 0.063507
 0.745000 0.008802 0.067204
 0.750000 0.009153 0.071440
 0.755000 0.009529 0.076467
 0.760000 0.009934 0.082322
 0.765000 0.010371 0.089163
 0.770000 0.010848 0.097232
 0.775000 0.011370 0.106726
 0.780000 0.011948 0.118192
 0.785000 0.012594 0.132154
 0.790000 0.013319 0.148974
 0.795000 0.014198 0.173548
 0.800000 0.015179 0.201237
 0.805000 0.016312 0.234903
 0.810000 0.017692 0.280278
 0.815000 0.019810 0.371994
 0.820000 0.021849 0.446412
 0.825000 0.024302 0.537749
 0.830000 0.027260 0.649224
 0.835000 0.030833 0.784432
 0.840000 0.035150 0.947250
 0.845000 0.040358 1.141737
 0.850000 0.046626 1.372077
 0.855000 0.054145 1.642351
 0.860000 0.063122 1.956307
 0.865000 0.073785 2.317058
 0.870000 0.086374 2.726785
 0.875000 0.101136 3.186350
 0.880000 0.118318 3.694845
 0.885000 0.138160 4.249220
 0.890000 0.160876 4.843862
 0.895000 0.186650 5.470275
 0.900000 0.215612 6.116841
 0.905000 0.247827 6.768674
 0.910000 0.283277 7.407769
 0.915000 0.321848 8.013132
 0.920000 0.363312 8.561457
 0.925000 0.407325 9.027698
 0.930000 0.453409 9.386183
 0.935000 0.500963 9.611656
 0.940000 0.549264 9.680673
 0.945000 0.597475 9.573018
 0.950000 0.644672 9.273012
 0.955000 0.689866 8.770797
 0.960000 0.732036 8.063544
 0.965000 0.770166 7.155983
 0.970000 0.803282 6.060989
 0.975000 0.830497 4.799422
 0.980000 0.851044 3.399667
 0.985000 0.864319 1.896454
 0.990000 0.869901 0.329704
 0.995000 0.867580 -1.257414
 1.000000 0.857365 -2.820464
