#! FIELDS cmap hh dhh_cmap
#! SET normalisation  199999.000000
#! SET min_cmap 0
#! SET max_cmap 1
#! SET nbins_cmap  200
#! SET periodic_cmap false
 0.000000 3.916283 10.797437
 0.005000 3.951026 3.066144
 0.010000 3.946802 -4.750693
 0.015000 3.903763 -12.421340
 0.020000 3.823208 -19.721391
 0.025000 3.707512 -26.444735
 0.030000 3.560021 -32.413156
 0.035000 3.384879 -37.484148
 0.040000 3.186846 -41.556328
 0.045000 2.971079 -44.572255
 0.050000 2.742909 -46.518537
 0.055000 2.507631 -47.423456
 0.060000 2.270303 -47.352336
 0.065000 2.035576 -46.401256
 0.070000 1.807559 -44.689580
 0.075000 1.589724 -42.351906
 0.080000 1.384847 -39.530113
 0.085000 1.194994 -36.365880
 0.090000 1.021534 -32.994220
 0.095000 0.865191 -29.538214
 0.100000 0.726112 -26.105185
 0.105000 0.603951 -22.784300
 0.110000 0.497965 -19.645579
 0.115000 0.407106 -16.740034
 0.120000 0.330120 -14.100901
 0.125000 0.265623 -11.745487
 0.130000 0.212185 -9.677584
 0.135000 0.168380 -7.890088
 0.140000 0.132842 -6.367631
 0.145000 0.104297 -5.089079
 0.150000 0.081586 -4.029784
 0.155000 0.063678 -3.163455
 0.160000 0.049674 -2.463734
 0.165000 0.038805 -1.905292
 0.170000 0.030425 -1.464657
 0.175000 0.023997 -1.120735
 0.180000 0.019087 -0.855010
 0.185000 0.014554 -0.593323
 0.190000 0.007782 -0.152765
 0.195000 0.007044 -0.135664
 0.200000 0.006369 -0.119380
 0.205000 0.005786 -0.106615
 0.210000 0.005274 -0.096122
 0.215000 0.004806 -0.086280
 0.220000 0.004388 -0.077768
 0.225000 0.004013 -0.070205
 0.230000 0.003673 -0.063335
 0.235000 0.003367 -0.057248
 0.240000 0.003091 -0.051742
 0.245000 0.002841 -0.046705
 0.250000 0.002615 -0.042191
 0.255000 0.002411 -0.038039
 0.260000 0.002227 -0.034329
 0.265000 0.002062 -0.030999
 0.270000 0.001912 -0.027932
 0.275000 0.001778 -0.025148
 0.280000 0.001657 -0.022668
 0.285000 0.001548 -0.020419
 0.290000 0.001450 -0.018343
 0.295000 0.001362 -0.016454
 0.300000 0.001283 -0.014724
 0.305000 0.001212 -0.013153
 0.310000 0.001149 -0.011685
 0.315000 0.001093 -0.010349
 0.320000 0.001044 -0.009116
 0.325000 0.001001 -0.007956
 0.330000 0.000963 -0.006889
 0.335000 0.000930 -0.005907
 0.340000 0.000903 -0.005004
 0.345000 0.000880 -0.004175
 0.350000 0.000860 -0.003400
 0.355000 0.000845 -0.002675
 0.360000 0.000832 -0.002057
 0.365000 0.000823 -0.001510
 0.370000 0.000816 -0.001027
 0.375000 0.000812 -0.000628
 0.380000 0.000810 -0.000312
 0.385000 0.000808 -0.000050
 0.390000 0.000809 0.000131
 0.395000 0.000810 0.000245
 0.400000 0.000811 0.000310
 0.405000 0.000812 0.000339
 0.410000 0.000814 0.000334
 0.415000 0.000816 0.000322
 0.420000 0.000817 0.000309
 0.425000 0.000819 0.000308
 0.430000 0.000821 0.000335
 0.435000 0.000822 0.000387
 0.440000 0.000825 0.000518
 0.445000 0.000828 0.000696
 0.450000 0.000832 0.000959
 0.455000 0.000837 0.001292
 0.460000 0.000845 0.001717
 0.465000 0.000855 0.002236
 0.470000 0.000868 0.002856
 0.475000 0.000885 0.003552
 0.480000 0.000905 0.004358
 0.485000 0.000929 0.005227
 0.490000 0.000958 0.006184
 0.495000 0.000991 0.007235
 0.500000 0.001031 0.008398
 0.505000 0.001077 0.009648
 0.510000 0.001129 0.010999
 0.515000 0.001188 0.012435
 0.520000 0.001255 0.014011
 0.525000 0.001330 0.015676
 0.530000 0.001414 0.017489
 0.535000 0.001506 0.019431
 0.540000 0.001610 0.021533
 0.545000 0.001723 0.023785
 0.550000 0.001849 0.026202
 0.555000 0.001987 0.028869
 0.560000 0.002139 0.031701
 0.565000 0.002306 0.034788
 0.570000 0.002489 0.038111
 0.575000 0.002690 0.041696
 0.580000 0.002908 0.045539
 0.585000 0.003147 0.049640
 0.590000 0.003407 0.053979
 0.595000 0.003689 0.058562
 0.600000 0.003995 0.063364
 0.605000 0.004325 0.068322
 0.610000 0.004680 0.073404
 0.615000 0.005062 0.078605
 0.620000 0.005469 0.083850
 0.625000 0.005903 0.089058
 0.630000 0.006362 0.094162
 0.635000 0.006848 0.099191
 0.640000 0.007357 0.103944
 0.645000 0.007890 0.108447
 0.650000 0.008444 0.112624
 0.655000 0.009019 0.116449
 0.660000 0.009612 0.119962
 0.665000 0.010223 0.123121
 0.670000 0.010848 0.125899
 0.675000 0.011486 0.128367
 0.680000 0.012135 0.130578
 0.685000 0.012796 0.132616
 0.690000 0.013467 0.134588
 0.695000 0.014148 0.136635
 0.700000 0.014841 0.138840
 0.705000 0.015545 0.141381
 0.710000 0.016264 0.144393
 0.715000 0.017001 0.148081
 0.720000 0.017759 0.152637
 0.725000 0.018544 0.158266
 0.730000 0.019361 0.165100
 0.735000 0.020218 0.173497
 0.740000 0.021121 0.183489
 0.745000 0.022083 0.195582
 0.750000 0.023110 0.209870
 0.755000 0.024228 0.227470
 0.760000 0.025448 0.248658
 0.765000 0.026781 0.273432
 0.770000 0.028263 0.303633
 0.775000 0.029915 0.339539
 0.780000 0.031784 0.383602
 0.785000 0.033921 0.437826
 0.790000 0.036362 0.503118
 0.795000 0.039410 0.599194
 0.800000 0.042861 0.707961
 0.805000 0.046908 0.839917
 0.810000 0.051931 1.018143
 0.815000 0.060176 1.402406
 0.820000 0.067913 1.702938
 0.825000 0.077320 2.072979
 0.830000 0.088780 2.526347
 0.835000 0.102747 3.078562
 0.840000 0.119758 3.746647
 0.845000 0.140436 4.548857
 0.850000 0.165501 5.504069
 0.855000 0.195763 6.631113
 0.860000 0.232127 7.947722
 0.865000 0.275580 9.469322
 0.870000 0.327179 11.207453
 0.875000 0.388024 13.168180
 0.880000 0.459228 15.350175
 0.885000 0.541876 17.742865
 0.890000 0.636970 20.324466
 0.895000 0.745376 23.060574
 0.900000 0.867751 25.902751
 0.905000 1.004474 28.788084
 0.910000 1.155574 31.639154
 0.915000 1.320657 34.365205
 0.920000 1.498846 36.864232
 0.925000 1.688734 39.025868
 0.930000 1.888350 40.735991
 0.935000 2.095150 41.881456
 0.940000 2.306043 42.356138
 0.945000 2.517435 42.067014
 0.950000 2.725313 40.940466
 0.955000 2.925358 38.928038
 0.960000 3.113082 36.011391
 0.965000 3.283986 32.205904
 0.970000 3.433739 27.562586
 0.975000 3.558355 22.168136
 0.980000 3.654364 16.142855
 0.985000 3.718976 9.636322
 0.990000 3.750208 2.821449
 0.995000 3.746987 -4.113150
 1.000000 3.709199 -10.971826
