#! FIELDS cmap hh dhh_cmap
#! SET normalisation  199999.000000
#! SET min_cmap 0
#! SET max_cmap 1
#! SET nbins_cmap  200
#! SET periodic_cmap false
 0.000000 4.514866 12.412975
 0.005000 4.554740 3.497945
 0.010000 4.549682 -5.514870
 0.015000 4.499874 -14.358276
 0.020000 4.406815 -22.773593
 0.025000 4.273250 -30.523226
 0.030000 4.103037 -37.401818
 0.035000 3.900960 -43.245186
 0.040000 3.672508 -47.936586
 0.045000 3.423627 -51.409959
 0.050000 3.160467 -53.650026
 0.055000 2.889131 -54.689516
 0.060000 2.615449 -54.603909
 0.065000 2.344784 -53.504067
 0.070000 2.081871 -51.527691
 0.075000 1.830710 -48.830026
 0.080000 1.594500 -45.574659
 0.085000 1.375620 -41.924942
 0.090000 1.175648 -38.036485
 0.095000 0.995416 -34.051139
 0.100000 0.835091 -30.092566
 0.105000 0.694273 -26.263492
 0.110000 0.572105 -22.644567
 0.115000 0.467378 -19.294529
 0.120000 0.378647 -16.251590
 0.125000 0.304317 -13.535666
 0.130000 0.242737 -11.151084
 0.135000 0.192267 -9.089607
 0.140000 0.151332 -7.333515
 0.145000 0.118463 -5.858436
 0.150000 0.092326 -4.635981
 0.155000 0.071733 -3.635883
 0.160000 0.055648 -2.827774
 0.165000 0.043184 -2.182512
 0.170000 0.033596 -1.673111
 0.175000 0.026267 -1.275282
 0.180000 0.020693 -0.967756
 0.185000 0.015553 -0.664608
 0.190000 0.007848 -0.156357
 0.195000 0.007099 -0.136252
 0.200000 0.006423 -0.117353
 0.205000 0.005852 -0.102605
 0.210000 0.005362 -0.090755
 0.215000 0.004923 -0.080192
 0.220000 0.004536 -0.071152
 0.225000 0.004195 -0.063640
 0.230000 0.003886 -0.056885
 0.235000 0.003611 -0.051224
 0.240000 0.003362 -0.046203
 0.245000 0.003136 -0.041914
 0.250000 0.002932 -0.038270
 0.255000 0.002745 -0.035119
 0.260000 0.002574 -0.032360
 0.265000 0.002416 -0.029945
 0.270000 0.002269 -0.027785
 0.275000 0.002133 -0.025936
 0.280000 0.002006 -0.024227
 0.285000 0.001887 -0.022716
 0.290000 0.001775 -0.021372
 0.295000 0.001670 -0.020096
 0.300000 0.001571 -0.018946
 0.305000 0.001478 -0.017899
 0.310000 0.001390 -0.016907
 0.315000 0.001307 -0.015986
 0.320000 0.001229 -0.015076
 0.325000 0.001155 -0.014205
 0.330000 0.001086 -0.013341
 0.335000 0.001021 -0.012513
 0.340000 0.000960 -0.011681
 0.345000 0.000903 -0.010854
 0.350000 0.000851 -0.010011
 0.355000 0.000803 -0.009171
 0.360000 0.000759 -0.008331
 0.365000 0.000719 -0.007492
 0.370000 0.000683 -0.006628
 0.375000 0.000652 -0.005781
 0.380000 0.000625 -0.004944
 0.385000 0.000602 -0.004127
 0.390000 0.000583 -0.003326
 0.395000 0.000568 -0.002550
 0.400000 0.000558 -0.001800
 0.405000 0.000550 -0.001088
 0.410000 0.000546 -0.000432
 0.415000 0.000546 0.000195
 0.420000 0.000548 0.000792
 0.425000 0.000553 0.001332
 0.430000 0.000561 0.001839
 0.435000 0.000572 0.002309
 0.440000 0.000584 0.002745
 0.445000 0.000599 0.003166
 0.450000 0.000616 0.003552
 0.455000 0.000634 0.003942
 0.460000 0.000655 0.004333
 0.465000 0.000678 0.004739
 0.470000 0.000703 0.005176
 0.475000 0.000730 0.005616
 0.480000 0.000759 0.006082
 0.485000 0.000791 0.006594
 0.490000 0.000825 0.007146
 0.495000 0.000863 0.007728
 0.500000 0.000903 0.008335
 0.505000 0.000947 0.008972
 0.510000 0.000994 0.009645
 0.515000 0.001044 0.010328
 0.520000 0.001098 0.011032
 0.525000 0.001155 0.011764
 0.530000 0.001216 0.012502
 0.535000 0.001281 0.013269
 0.540000 0.001350 0.014072
 0.545000 0.001422 0.014884
 0.550000 0.001499 0.015747
 0.555000 0.001581 0.016674
 0.560000 0.001667 0.017667
 0.565000 0.001759 0.018772
 0.570000 0.001856 0.020007
 0.575000 0.001960 0.021380
 0.580000 0.002072 0.022946
 0.585000 0.002192 0.024720
 0.590000 0.002321 0.026687
 0.595000 0.002461 0.028907
 0.600000 0.002612 0.031370
 0.605000 0.002777 0.034091
 0.610000 0.002956 0.037064
 0.615000 0.003150 0.040267
 0.620000 0.003361 0.043693
 0.625000 0.003590 0.047357
 0.630000 0.003837 0.051232
 0.635000 0.004106 0.055329
 0.640000 0.004394 0.059539
 0.645000 0.004704 0.063927
 0.650000 0.005037 0.068452
 0.655000 0.005392 0.073036
 0.660000 0.005771 0.077804
 0.665000 0.006174 0.082677
 0.670000 0.006602 0.087712
 0.675000 0.007056 0.092859
 0.680000 0.007535 0.098172
 0.685000 0.008041 0.103699
 0.690000 0.008577 0.109535
 0.695000 0.009142 0.115607
 0.700000 0.009739 0.122045
 0.705000 0.010370 0.128941
 0.710000 0.011036 0.136220
 0.715000 0.011741 0.144016
 0.720000 0.012486 0.152284
 0.725000 0.013274 0.161162
 0.730000 0.014112 0.170775
 0.735000 0.014999 0.181056
 0.740000 0.015942 0.192226
 0.745000 0.016946 0.204460
 0.750000 0.018015 0.217858
 0.755000 0.019161 0.232939
 0.760000 0.020394 0.250173
 0.765000 0.021716 0.269430
 0.770000 0.023151 0.292004
 0.775000 0.024713 0.318467
 0.780000 0.026438 0.350763
 0.785000 0.028363 0.390742
 0.790000 0.030516 0.439214
 0.795000 0.033146 0.512930
 0.800000 0.036071 0.596297
 0.805000 0.039466 0.699366
 0.810000 0.043637 0.840903
 0.815000 0.050499 1.157442
 0.820000 0.056877 1.402661
 0.825000 0.064624 1.707102
 0.830000 0.074066 2.082772
 0.835000 0.085592 2.543107
 0.840000 0.099662 3.102827
 0.845000 0.116812 3.777679
 0.850000 0.137658 4.583967
 0.855000 0.162897 5.537913
 0.860000 0.193307 6.654750
 0.865000 0.229738 7.947723
 0.870000 0.273094 9.426845
 0.875000 0.324324 11.097318
 0.880000 0.384384 12.958044
 0.885000 0.454206 14.999976
 0.890000 0.534654 17.204577
 0.895000 0.626473 19.542388
 0.900000 0.730231 21.972109
 0.905000 0.846257 24.439955
 0.910000 0.974583 26.879809
 0.915000 1.114879 29.214180
 0.920000 1.266403 31.355901
 0.925000 1.427959 33.210802
 0.930000 1.597869 34.681390
 0.935000 1.773969 35.671071
 0.940000 1.953624 36.089148
 0.945000 2.133773 35.856232
 0.950000 2.310993 34.909364
 0.955000 2.481603 33.207051
 0.960000 2.641774 30.733538
 0.965000 2.787670 27.501778
 0.970000 2.915595 23.555119
 0.975000 3.022148 18.967331
 0.980000 3.104366 13.840772
 0.985000 3.159866 8.302915
 0.990000 3.186952 2.501120
 0.995000 3.184701 -3.403940
 1.000000 3.153013 -9.245577
