#! FIELDS cmap hh dhh_cmap
#! SET normalisation  199999.000000
#! SET min_cmap 0
#! SET max_cmap 1
#! SET nbins_cmap  200
#! SET periodic_cmap false
 0.000000 5.232126 14.346363
 0.005000 5.278136 4.012980
 0.010000 5.272068 -6.432826
 0.015000 5.214137 -16.681378
 0.020000 5.106085 -26.432898
 0.025000 4.951098 -35.412092
 0.030000 4.753650 -43.381026
 0.035000 4.519291 -50.149557
 0.040000 4.254384 -55.582536
 0.045000 3.965823 -59.603523
 0.050000 3.660735 -62.194962
 0.055000 3.346195 -63.394946
 0.060000 3.028961 -63.291061
 0.065000 2.715245 -62.011924
 0.070000 2.410536 -59.717199
 0.075000 2.119467 -56.586900
 0.080000 1.845744 -52.810661
 0.085000 1.592121 -48.577822
 0.090000 1.360425 -44.068734
 0.095000 1.151619 -39.447812
 0.100000 0.965894 -34.858347
 0.105000 0.802784 -30.419393
 0.110000 0.661292 -26.224357
 0.115000 0.540019 -22.341301
 0.120000 0.437284 -18.814493
 0.125000 0.351241 -15.666956
 0.130000 0.279973 -12.903677
 0.135000 0.221579 -10.515096
 0.140000 0.174232 -8.480626
 0.145000 0.136230 -6.772001
 0.150000 0.106024 -5.356281
 0.155000 0.082237 -4.198349
 0.160000 0.063669 -3.262986
 0.165000 0.049293 -2.516376
 0.170000 0.038244 -1.927199
 0.175000 0.029806 -1.467291
 0.180000 0.023397 -1.111959
 0.185000 0.017471 -0.760581
 0.190000 0.008606 -0.174025
 0.195000 0.007772 -0.151306
 0.200000 0.007016 -0.129514
 0.205000 0.006387 -0.112993
 0.210000 0.005848 -0.099658
 0.215000 0.005368 -0.087632
 0.220000 0.004945 -0.077235
 0.225000 0.004574 -0.068468
 0.230000 0.004242 -0.060705
 0.235000 0.003950 -0.054198
 0.240000 0.003688 -0.048552
 0.245000 0.003452 -0.043653
 0.250000 0.003241 -0.039597
 0.255000 0.003048 -0.036044
 0.260000 0.002872 -0.033002
 0.265000 0.002710 -0.030415
 0.270000 0.002561 -0.028220
 0.275000 0.002422 -0.026332
 0.280000 0.002293 -0.024708
 0.285000 0.002171 -0.023288
 0.290000 0.002055 -0.022047
 0.295000 0.001947 -0.020945
 0.300000 0.001843 -0.019955
 0.305000 0.001745 -0.019030
 0.310000 0.001652 -0.018121
 0.315000 0.001562 -0.017230
 0.320000 0.001478 -0.016361
 0.325000 0.001397 -0.015498
 0.330000 0.001322 -0.014670
 0.335000 0.001250 -0.013800
 0.340000 0.001182 -0.012935
 0.345000 0.001120 -0.012089
 0.350000 0.001060 -0.011227
 0.355000 0.001006 -0.010415
 0.360000 0.000956 -0.009592
 0.365000 0.000909 -0.008817
 0.370000 0.000867 -0.008075
 0.375000 0.000828 -0.007371
 0.380000 0.000793 -0.006704
 0.385000 0.000760 -0.006076
 0.390000 0.000732 -0.005492
 0.395000 0.000705 -0.004945
 0.400000 0.000681 -0.004450
 0.405000 0.000660 -0.004000
 0.410000 0.000641 -0.003594
 0.415000 0.000624 -0.003228
 0.420000 0.000609 -0.002880
 0.425000 0.000596 -0.002559
 0.430000 0.000584 -0.002248
 0.435000 0.000573 -0.001946
 0.440000 0.000564 -0.001653
 0.445000 0.000557 -0.001333
 0.450000 0.000551 -0.000984
 0.455000 0.000547 -0.000567
 0.460000 0.000545 -0.000115
 0.465000 0.000545 0.000405
 0.470000 0.000549 0.001012
 0.475000 0.000556 0.001716
 0.480000 0.000567 0.002521
 0.485000 0.000582 0.003435
 0.490000 0.000602 0.004477
 0.495000 0.000627 0.005633
 0.500000 0.000658 0.006902
 0.505000 0.000696 0.008268
 0.510000 0.000741 0.009724
 0.515000 0.000794 0.011263
 0.520000 0.000855 0.012883
 0.525000 0.000924 0.014547
 0.530000 0.001001 0.016218
 0.535000 0.001086 0.017886
 0.540000 0.001180 0.019525
 0.545000 0.001282 0.021104
 0.550000 0.001392 0.022627
 0.555000 0.001509 0.024020
 0.560000 0.001632 0.025285
 0.565000 0.001762 0.026409
 0.570000 0.001897 0.027433
 0.575000 0.002037 0.028298
 0.580000 0.002181 0.029066
 0.585000 0.002329 0.029741
 0.590000 0.002480 0.030303
 0.595000 0.002633 0.030836
 0.600000 0.002790 0.031369
 0.605000 0.002949 0.031948
 0.610000 0.003111 0.032595
 0.615000 0.003277 0.033376
 0.620000 0.003447 0.034337
 0.625000 0.003623 0.035514
 0.630000 0.003805 0.036916
 0.635000 0.003994 0.038598
 0.640000 0.004193 0.040602
 0.645000 0.004403 0.042925
 0.650000 0.004625 0.045562
 0.655000 0.004862 0.048601
 0.660000 0.005115 0.052020
 0.665000 0.005386 0.055829
 0.670000 0.005677 0.059980
 0.675000 0.005989 0.064505
 0.680000 0.006326 0.069424
 0.685000 0.006688 0.074696
 0.690000 0.007077 0.080290
 0.695000 0.007495 0.086223
 0.700000 0.007943 0.092433
 0.705000 0.008423 0.098878
 0.710000 0.008938 0.105712
 0.715000 0.009488 0.112789
 0.720000 0.010074 0.120139
 0.725000 0.010698 0.127723
 0.730000 0.011363 0.135664
 0.735000 0.012068 0.143919
 0.740000 0.012818 0.152741
 0.745000 0.013617 0.162268
 0.750000 0.014464 0.172409
 0.755000 0.015370 0.183839
 0.760000 0.016342 0.196846
 0.765000 0.017380 0.211423
 0.770000 0.018503 0.228537
 0.775000 0.019726 0.249008
 0.780000 0.021078 0.274385
 0.785000 0.022586 0.306022
 0.790000 0.024271 0.344518
 0.795000 0.026335 0.403219
 0.800000 0.028639 0.470058
 0.805000 0.031314 0.552455
 0.810000 0.034620 0.666394
 0.815000 0.040033 0.916942
 0.820000 0.045089 1.112497
 0.825000 0.051236 1.354883
 0.830000 0.058731 1.653420
 0.835000 0.067881 2.018578
 0.840000 0.079046 2.461749
 0.845000 0.092648 2.995132
 0.850000 0.109168 3.631343
 0.855000 0.129153 4.382906
 0.860000 0.153208 5.261592
 0.865000 0.181997 6.277618
 0.870000 0.216226 7.438596
 0.875000 0.256631 8.748473
 0.880000 0.303957 10.206267
 0.885000 0.358928 11.804777
 0.890000 0.422214 13.529364
 0.895000 0.494393 15.356919
 0.900000 0.575901 17.255094
 0.905000 0.666991 19.181828
 0.910000 0.767680 21.085434
 0.915000 0.877705 22.905364
 0.920000 0.996480 24.573460
 0.925000 1.123063 26.016263
 0.930000 1.256139 27.157636
 0.935000 1.394010 27.922263
 0.940000 1.534613 28.239348
 0.945000 1.675552 28.047036
 0.950000 1.814150 27.296291
 0.955000 1.947527 25.954852
 0.960000 2.072691 24.010659
 0.965000 2.186643 21.474014
 0.970000 2.286496 18.379001
 0.975000 2.369595 14.783451
 0.980000 2.433627 10.767604
 0.985000 2.476733 6.431219
 0.990000 2.497593 1.889558
 0.995000 2.495492 -2.731702
 1.000000 2.470357 -7.302175
