#! FIELDS cmap hh dhh_cmap
#! SET normalisation  199999.000000
#! SET min_cmap 0
#! SET max_cmap 1
#! SET nbins_cmap  200
#! SET periodic_cmap false
 0.000000 4.970057 13.649370
 0.005000 5.013877 3.835995
 0.010000 5.008238 -6.084677
 0.015000 4.953342 -15.818572
 0.020000 4.850840 -25.081030
 0.025000 4.703755 -33.610571
 0.030000 4.516335 -41.181216
 0.035000 4.293846 -47.612311
 0.040000 4.042329 -52.775426
 0.045000 3.768330 -56.597847
 0.050000 3.478616 -59.062796
 0.055000 3.179907 -60.206302
 0.060000 2.878620 -60.111421
 0.065000 2.580655 -58.900180
 0.070000 2.291227 -56.724097
 0.075000 2.014738 -53.754019
 0.080000 1.754710 -50.169986
 0.085000 1.513762 -46.151773
 0.090000 1.293630 -41.870661
 0.095000 1.095232 -37.482774
 0.100000 0.918752 -33.124257
 0.105000 0.763751 -28.908211
 0.110000 0.629284 -24.923429
 0.115000 0.514022 -21.234629
 0.120000 0.416373 -17.883937
 0.125000 0.334582 -14.893308
 0.130000 0.266831 -12.267552
 0.135000 0.211313 -9.997651
 0.140000 0.166293 -8.064109
 0.145000 0.130156 -6.440142
 0.150000 0.101428 -5.094475
 0.155000 0.078803 -3.993790
 0.160000 0.061138 -3.104642
 0.165000 0.047457 -2.394923
 0.170000 0.036939 -1.834874
 0.175000 0.028904 -1.397737
 0.180000 0.022797 -1.060038
 0.185000 0.017150 -0.726283
 0.190000 0.008711 -0.169119
 0.195000 0.007898 -0.147469
 0.200000 0.007163 -0.127096
 0.205000 0.006546 -0.111580
 0.210000 0.006011 -0.098981
 0.215000 0.005532 -0.087673
 0.220000 0.005108 -0.078088
 0.225000 0.004730 -0.069895
 0.230000 0.004391 -0.062779
 0.235000 0.004086 -0.056706
 0.240000 0.003811 -0.051440
 0.245000 0.003560 -0.046815
 0.250000 0.003331 -0.042773
 0.255000 0.003122 -0.039247
 0.260000 0.002930 -0.036185
 0.265000 0.002754 -0.033450
 0.270000 0.002590 -0.030952
 0.275000 0.002439 -0.028710
 0.280000 0.002299 -0.026636
 0.285000 0.002169 -0.024701
 0.290000 0.002049 -0.022882
 0.295000 0.001937 -0.021186
 0.300000 0.001834 -0.019578
 0.305000 0.001739 -0.018066
 0.310000 0.001651 -0.016660
 0.315000 0.001570 -0.015362
 0.320000 0.001496 -0.014186
 0.325000 0.001427 -0.013110
 0.330000 0.001364 -0.012109
 0.335000 0.001305 -0.011209
 0.340000 0.001250 -0.010446
 0.345000 0.001199 -0.009789
 0.350000 0.001151 -0.009234
 0.355000 0.001105 -0.008748
 0.360000 0.001062 -0.008372
 0.365000 0.001021 -0.008056
 0.370000 0.000981 -0.007774
 0.375000 0.000943 -0.007532
 0.380000 0.000906 -0.007288
 0.385000 0.000870 -0.007060
 0.390000 0.000835 -0.006805
 0.395000 0.000801 -0.006523
 0.400000 0.000769 -0.006203
 0.405000 0.000739 -0.005858
 0.410000 0.000710 -0.005438
 0.415000 0.000684 -0.004995
 0.420000 0.000660 -0.004483
 0.425000 0.000639 -0.003937
 0.430000 0.000621 -0.003359
 0.435000 0.000606 -0.002753
 0.440000 0.000593 -0.002114
 0.445000 0.000584 -0.001463
 0.450000 0.000578 -0.000810
 0.455000 0.000576 -0.000163
 0.460000 0.000577 0.000485
 0.465000 0.000581 0.001104
 0.470000 0.000587 0.001710
 0.475000 0.000598 0.002320
 0.480000 0.000611 0.002904
 0.485000 0.000627 0.003490
 0.490000 0.000646 0.004071
 0.495000 0.000669 0.004671
 0.500000 0.000694 0.005274
 0.505000 0.000722 0.005917
 0.510000 0.000754 0.006599
 0.515000 0.000789 0.007304
 0.520000 0.000827 0.008059
 0.525000 0.000870 0.008879
 0.530000 0.000917 0.009776
 0.535000 0.000969 0.010746
 0.540000 0.001026 0.011792
 0.545000 0.001088 0.012985
 0.550000 0.001157 0.014292
 0.555000 0.001233 0.015738
 0.560000 0.001315 0.017306
 0.565000 0.001407 0.019043
 0.570000 0.001507 0.020986
 0.575000 0.001618 0.023171
 0.580000 0.001741 0.025615
 0.585000 0.001876 0.028306
 0.590000 0.002026 0.031291
 0.595000 0.002191 0.034538
 0.600000 0.002373 0.038109
 0.605000 0.002574 0.041948
 0.610000 0.002795 0.046046
 0.615000 0.003037 0.050389
 0.620000 0.003301 0.054921
 0.625000 0.003588 0.059581
 0.630000 0.003898 0.064301
 0.635000 0.004233 0.069064
 0.640000 0.004592 0.073759
 0.645000 0.004973 0.078320
 0.650000 0.005377 0.082681
 0.655000 0.005803 0.086824
 0.660000 0.006249 0.090665
 0.665000 0.006713 0.094230
 0.670000 0.007194 0.097395
 0.675000 0.007689 0.100249
 0.680000 0.008199 0.102824
 0.685000 0.008722 0.105184
 0.690000 0.009255 0.107374
 0.695000 0.009800 0.109488
 0.700000 0.010355 0.111627
 0.705000 0.010921 0.113905
 0.710000 0.011499 0.116450
 0.715000 0.012092 0.119393
 0.720000 0.012703 0.123002
 0.725000 0.013332 0.127225
 0.730000 0.013988 0.132430
 0.735000 0.014673 0.138621
 0.740000 0.015393 0.146028
 0.745000 0.016154 0.154821
 0.750000 0.016966 0.165229
 0.755000 0.017841 0.177748
 0.760000 0.018788 0.192705
 0.765000 0.019815 0.210002
 0.770000 0.020949 0.231092
 0.775000 0.022199 0.255999
 0.780000 0.023599 0.286233
 0.785000 0.025188 0.323742
 0.790000 0.026984 0.368693
 0.795000 0.029207 0.435537
 0.800000 0.031702 0.510771
 0.805000 0.034619 0.603103
 0.810000 0.038223 0.728623
 0.815000 0.044169 1.005221
 0.820000 0.049713 1.220089
 0.825000 0.056454 1.485873
 0.830000 0.064673 1.812890
 0.835000 0.074704 2.212717
 0.840000 0.086943 2.698062
 0.845000 0.101849 3.282443
 0.850000 0.119955 3.979901
 0.855000 0.141859 4.804344
 0.860000 0.168231 5.768894
 0.865000 0.199800 6.884864
 0.870000 0.237345 8.160777
 0.875000 0.281680 9.601025
 0.880000 0.333626 11.204489
 0.885000 0.393983 12.963283
 0.890000 0.463490 14.861309
 0.895000 0.542785 16.873083
 0.900000 0.632350 18.962893
 0.905000 0.732466 21.084385
 0.910000 0.843151 23.180684
 0.915000 0.964117 25.185000
 0.920000 1.094721 27.022393
 0.925000 1.233927 28.611922
 0.930000 1.380287 29.869860
 0.935000 1.531933 30.713299
 0.940000 1.686597 31.064483
 0.945000 1.841641 30.855264
 0.950000 1.994122 30.031729
 0.955000 2.140872 28.558487
 0.960000 2.278599 26.422150
 0.965000 2.404004 23.634140
 0.970000 2.513912 20.231856
 0.975000 2.605401 16.278911
 0.980000 2.675927 11.863478
 0.985000 2.723444 7.095183
 0.990000 2.746498 2.100781
 0.995000 2.744302 -2.981552
 1.000000 2.716772 -8.008445
