#! FIELDS cmap hh dhh_cmap
#! SET normalisation  199999.000000
#! SET min_cmap 0
#! SET max_cmap 1
#! SET nbins_cmap  200
#! SET periodic_cmap false
 0.000000 4.542128 12.484269
 0.005000 4.582225 3.515689
 0.010000 4.577121 -5.551224
 0.015000 4.526998 -14.447671
 0.020000 4.433364 -22.913444
 0.025000 4.298982 -30.709531
 0.030000 4.127732 -37.629327
 0.035000 3.924427 -43.507668
 0.040000 3.694590 -48.227122
 0.045000 3.444201 -51.721181
 0.050000 3.179449 -53.974471
 0.055000 2.906472 -55.019905
 0.060000 2.631138 -54.933375
 0.065000 2.358841 -53.826403
 0.070000 2.094345 -51.837502
 0.075000 1.841676 -49.122831
 0.080000 1.604053 -45.846996
 0.085000 1.383868 -42.174325
 0.090000 1.182709 -38.261410
 0.095000 1.001415 -34.250995
 0.100000 0.840153 -30.267527
 0.105000 0.698521 -26.414415
 0.110000 0.575655 -22.772828
 0.115000 0.470341 -19.401917
 0.120000 0.381120 -16.340173
 0.125000 0.306390 -13.607658
 0.130000 0.244487 -11.208740
 0.135000 0.193760 -9.135169
 0.140000 0.152622 -7.369094
 0.145000 0.119597 -5.885994
 0.150000 0.093338 -4.657264
 0.155000 0.072651 -3.652413
 0.160000 0.056492 -2.840853
 0.165000 0.043970 -2.193208
 0.170000 0.034333 -1.682274
 0.175000 0.026960 -1.283558
 0.180000 0.021346 -0.975613
 0.185000 0.016155 -0.671548
 0.190000 0.008396 -0.162143
 0.195000 0.007616 -0.142814
 0.200000 0.006905 -0.124498
 0.205000 0.006295 -0.110116
 0.210000 0.005766 -0.098516
 0.215000 0.005289 -0.088086
 0.220000 0.004862 -0.079044
 0.225000 0.004480 -0.071212
 0.230000 0.004134 -0.064160
 0.235000 0.003823 -0.058095
 0.240000 0.003542 -0.052710
 0.245000 0.003284 -0.047834
 0.250000 0.003053 -0.043717
 0.255000 0.002840 -0.039931
 0.260000 0.002646 -0.036565
 0.265000 0.002468 -0.033573
 0.270000 0.002305 -0.030885
 0.275000 0.002155 -0.028408
 0.280000 0.002017 -0.026195
 0.285000 0.001890 -0.024142
 0.290000 0.001772 -0.022259
 0.295000 0.001664 -0.020518
 0.300000 0.001564 -0.018911
 0.305000 0.001472 -0.017438
 0.310000 0.001388 -0.016057
 0.315000 0.001310 -0.014753
 0.320000 0.001238 -0.013555
 0.325000 0.001172 -0.012429
 0.330000 0.001112 -0.011412
 0.335000 0.001057 -0.010469
 0.340000 0.001007 -0.009588
 0.345000 0.000961 -0.008775
 0.350000 0.000918 -0.008016
 0.355000 0.000879 -0.007304
 0.360000 0.000844 -0.006674
 0.365000 0.000812 -0.006044
 0.370000 0.000783 -0.005456
 0.375000 0.000757 -0.004924
 0.380000 0.000733 -0.004402
 0.385000 0.000712 -0.003912
 0.390000 0.000694 -0.003444
 0.395000 0.000678 -0.002981
 0.400000 0.000664 -0.002525
 0.405000 0.000653 -0.002094
 0.410000 0.000643 -0.001641
 0.415000 0.000636 -0.001199
 0.420000 0.000632 -0.000739
 0.425000 0.000629 -0.000287
 0.430000 0.000629 0.000222
 0.435000 0.000632 0.000757
 0.440000 0.000637 0.001375
 0.445000 0.000645 0.002041
 0.450000 0.000657 0.002804
 0.455000 0.000673 0.003663
 0.460000 0.000694 0.004651
 0.465000 0.000721 0.005777
 0.470000 0.000753 0.007035
 0.475000 0.000791 0.008445
 0.480000 0.000838 0.010009
 0.485000 0.000892 0.011723
 0.490000 0.000955 0.013567
 0.495000 0.001028 0.015538
 0.500000 0.001111 0.017586
 0.505000 0.001205 0.019684
 0.510000 0.001309 0.021819
 0.515000 0.001424 0.023913
 0.520000 0.001548 0.025950
 0.525000 0.001684 0.027890
 0.530000 0.001828 0.029671
 0.535000 0.001981 0.031251
 0.540000 0.002141 0.032623
 0.545000 0.002307 0.033730
 0.550000 0.002478 0.034554
 0.555000 0.002653 0.035133
 0.560000 0.002831 0.035442
 0.565000 0.003009 0.035495
 0.570000 0.003186 0.035324
 0.575000 0.003363 0.034994
 0.580000 0.003538 0.034557
 0.585000 0.003710 0.034054
 0.590000 0.003880 0.033570
 0.595000 0.004047 0.033165
 0.600000 0.004213 0.032926
 0.605000 0.004379 0.032958
 0.610000 0.004546 0.033318
 0.615000 0.004716 0.034065
 0.620000 0.004889 0.035162
 0.625000 0.005070 0.036784
 0.630000 0.005260 0.038885
 0.635000 0.005463 0.041537
 0.640000 0.005680 0.044707
 0.645000 0.005914 0.048425
 0.650000 0.006169 0.052688
 0.655000 0.006445 0.057403
 0.660000 0.006747 0.062600
 0.665000 0.007076 0.068254
 0.670000 0.007435 0.074360
 0.675000 0.007825 0.080806
 0.680000 0.008248 0.087655
 0.685000 0.008707 0.094859
 0.690000 0.009203 0.102386
 0.695000 0.009737 0.110259
 0.700000 0.010312 0.118432
 0.705000 0.010929 0.127014
 0.710000 0.011591 0.136018
 0.715000 0.012299 0.145396
 0.720000 0.013055 0.155192
 0.725000 0.013861 0.165498
 0.730000 0.014725 0.176574
 0.735000 0.015644 0.188257
 0.740000 0.016628 0.201005
 0.745000 0.017680 0.214823
 0.750000 0.018805 0.229914
 0.755000 0.020017 0.246909
 0.760000 0.021324 0.266188
 0.765000 0.022731 0.287752
 0.770000 0.024266 0.312967
 0.775000 0.025940 0.342272
 0.780000 0.027791 0.377559
 0.785000 0.029857 0.420686
 0.790000 0.032161 0.471994
 0.795000 0.034959 0.548599
 0.800000 0.038067 0.634660
 0.805000 0.041656 0.739935
 0.810000 0.046035 0.883491
 0.815000 0.053086 1.199359
 0.820000 0.059673 1.444287
 0.825000 0.067625 1.747188
 0.830000 0.077260 2.119777
 0.835000 0.088960 2.575237
 0.840000 0.103175 3.128069
 0.845000 0.120428 3.793760
 0.850000 0.141326 4.588366
 0.855000 0.166553 5.527883
 0.860000 0.196871 6.627412
 0.865000 0.233115 7.900081
 0.870000 0.276177 9.355785
 0.875000 0.326986 10.999812
 0.880000 0.386486 12.831127
 0.885000 0.455595 14.840973
 0.890000 0.535163 17.011184
 0.895000 0.625925 19.312804
 0.900000 0.728441 21.705199
 0.905000 0.843039 24.135428
 0.910000 0.969749 26.538359
 0.915000 1.108249 28.837580
 0.920000 1.257808 30.947168
 0.925000 1.417248 32.774214
 0.930000 1.584917 34.222447
 0.935000 1.758680 35.196553
 0.940000 1.935940 35.607001
 0.945000 2.113677 35.375295
 0.950000 2.288516 34.439170
 0.955000 2.456822 32.757611
 0.960000 2.614819 30.314866
 0.965000 2.758719 27.123603
 0.970000 2.884874 23.226524
 0.975000 2.989924 18.696309
 0.980000 3.070944 13.633895
 0.985000 3.125581 8.164978
 0.990000 3.152156 2.435131
 0.995000 3.149758 -3.397090
 1.000000 3.118285 -9.167026
