#! FIELDS cmap hh dhh_cmap
#! SET normalisation  199999.000000
#! SET min_cmap 0
#! SET max_cmap 1
#! SET nbins_cmap  200
#! SET periodic_cmap false
 0.000000 4.788139 13.137531
 0.005000 4.830285 3.679909
 0.010000 4.824766 -5.880765
 0.015000 4.771778 -15.261024
 0.020000 4.672916 -24.186401
 0.025000 4.531095 -32.404853
 0.030000 4.350411 -39.698551
 0.035000 4.135944 -45.893393
 0.040000 3.893518 -50.865656
 0.045000 3.629445 -54.545343
 0.050000 3.350249 -56.916426
 0.055000 3.062406 -58.013792
 0.060000 2.772102 -57.917669
 0.065000 2.485024 -56.745844
 0.070000 2.206194 -54.644548
 0.075000 1.939853 -51.778618
 0.080000 1.689393 -48.321720
 0.085000 1.457332 -44.447224
 0.090000 1.245341 -40.320286
 0.095000 1.054298 -36.091402
 0.100000 0.884377 -31.891763
 0.105000 0.735149 -27.830309
 0.110000 0.605700 -23.992520
 0.115000 0.494746 -20.440627
 0.120000 0.400748 -17.215080
 0.125000 0.322016 -14.336864
 0.130000 0.256793 -11.810463
 0.135000 0.203339 -9.627013
 0.140000 0.159982 -7.767586
 0.145000 0.125166 -6.206221
 0.150000 0.097474 -4.912687
 0.155000 0.075646 -3.854785
 0.160000 0.058587 -3.000226
 0.165000 0.045357 -2.318033
 0.170000 0.035167 -1.779530
 0.175000 0.027365 -1.358939
 0.180000 0.021419 -1.033677
 0.185000 0.015928 -0.712542
 0.190000 0.007718 -0.173538
 0.195000 0.006886 -0.151909
 0.200000 0.006130 -0.130976
 0.205000 0.005497 -0.114660
 0.210000 0.004950 -0.100951
 0.215000 0.004465 -0.088442
 0.220000 0.004043 -0.077602
 0.225000 0.003673 -0.068112
 0.230000 0.003347 -0.059602
 0.235000 0.003063 -0.052313
 0.240000 0.002812 -0.045863
 0.245000 0.002592 -0.040279
 0.250000 0.002399 -0.035586
 0.255000 0.002228 -0.031505
 0.260000 0.002076 -0.028054
 0.265000 0.001941 -0.025226
 0.270000 0.001818 -0.022804
 0.275000 0.001707 -0.020796
 0.280000 0.001605 -0.019116
 0.285000 0.001511 -0.017693
 0.290000 0.001424 -0.016602
 0.295000 0.001342 -0.015595
 0.300000 0.001265 -0.014737
 0.305000 0.001192 -0.013976
 0.310000 0.001123 -0.013276
 0.315000 0.001057 -0.012579
 0.320000 0.000996 -0.011888
 0.325000 0.000937 -0.011161
 0.330000 0.000883 -0.010453
 0.335000 0.000832 -0.009706
 0.340000 0.000785 -0.008939
 0.345000 0.000741 -0.008106
 0.350000 0.000703 -0.007283
 0.355000 0.000668 -0.006436
 0.360000 0.000637 -0.005599
 0.365000 0.000611 -0.004770
 0.370000 0.000589 -0.003975
 0.375000 0.000571 -0.003190
 0.380000 0.000557 -0.002476
 0.385000 0.000546 -0.001805
 0.390000 0.000539 -0.001187
 0.395000 0.000534 -0.000619
 0.400000 0.000532 -0.000114
 0.405000 0.000533 0.000320
 0.410000 0.000535 0.000710
 0.415000 0.000540 0.001029
 0.420000 0.000546 0.001289
 0.425000 0.000553 0.001504
 0.430000 0.000561 0.001688
 0.435000 0.000569 0.001851
 0.440000 0.000579 0.002006
 0.445000 0.000589 0.002167
 0.450000 0.000600 0.002330
 0.455000 0.000613 0.002520
 0.460000 0.000626 0.002743
 0.465000 0.000640 0.002995
 0.470000 0.000656 0.003298
 0.475000 0.000673 0.003643
 0.480000 0.000692 0.004047
 0.485000 0.000714 0.004499
 0.490000 0.000738 0.005020
 0.495000 0.000765 0.005568
 0.500000 0.000794 0.006186
 0.505000 0.000827 0.006820
 0.510000 0.000863 0.007495
 0.515000 0.000903 0.008199
 0.520000 0.000946 0.008948
 0.525000 0.000993 0.009721
 0.530000 0.001045 0.010531
 0.535000 0.001100 0.011385
 0.540000 0.001160 0.012267
 0.545000 0.001224 0.013205
 0.550000 0.001293 0.014214
 0.555000 0.001367 0.015344
 0.560000 0.001448 0.016596
 0.565000 0.001535 0.017965
 0.570000 0.001629 0.019521
 0.575000 0.001731 0.021256
 0.580000 0.001843 0.023242
 0.585000 0.001965 0.025493
 0.590000 0.002100 0.028051
 0.595000 0.002248 0.030906
 0.600000 0.002412 0.034129
 0.605000 0.002592 0.037654
 0.610000 0.002790 0.041487
 0.615000 0.003009 0.045647
 0.620000 0.003249 0.050090
 0.625000 0.003513 0.054804
 0.630000 0.003800 0.059740
 0.635000 0.004114 0.064883
 0.640000 0.004453 0.070107
 0.645000 0.004818 0.075370
 0.650000 0.005210 0.080637
 0.655000 0.005628 0.085850
 0.660000 0.006071 0.090957
 0.665000 0.006540 0.095935
 0.670000 0.007034 0.100730
 0.675000 0.007551 0.105367
 0.680000 0.008090 0.109815
 0.685000 0.008652 0.114133
 0.690000 0.009235 0.118369
 0.695000 0.009840 0.122562
 0.700000 0.010465 0.126738
 0.705000 0.011114 0.131105
 0.710000 0.011784 0.135644
 0.715000 0.012478 0.140488
 0.720000 0.013198 0.145733
 0.725000 0.013946 0.151486
 0.730000 0.014726 0.157968
 0.735000 0.015542 0.165188
 0.740000 0.016398 0.173430
 0.745000 0.017301 0.182835
 0.750000 0.018255 0.193470
 0.755000 0.019271 0.205988
 0.760000 0.020358 0.220575
 0.765000 0.021527 0.237578
 0.770000 0.022794 0.257803
 0.775000 0.024175 0.281794
 0.780000 0.025707 0.311637
 0.785000 0.027423 0.348644
 0.790000 0.029345 0.393512
 0.795000 0.031715 0.462181
 0.800000 0.034364 0.540204
 0.805000 0.037447 0.636383
 0.810000 0.041251 0.768194
 0.815000 0.047535 1.060808
 0.820000 0.053387 1.288381
 0.825000 0.060509 1.570552
 0.830000 0.069201 1.918267
 0.835000 0.079821 2.343790
 0.840000 0.092791 2.860531
 0.845000 0.108602 3.482811
 0.850000 0.127819 4.225424
 0.855000 0.151080 5.103090
 0.860000 0.179097 6.129612
 0.865000 0.212644 7.317024
 0.870000 0.252550 8.674263
 0.875000 0.299677 10.206043
 0.880000 0.354899 11.911260
 0.885000 0.419064 13.781572
 0.890000 0.492960 15.799946
 0.895000 0.577264 17.939452
 0.900000 0.672492 20.162290
 0.905000 0.778943 22.419286
 0.910000 0.896641 24.650048
 0.915000 1.025281 26.783714
 0.920000 1.164182 28.740625
 0.925000 1.312247 30.434690
 0.930000 1.467940 31.776673
 0.935000 1.629278 32.678343
 0.940000 1.793849 33.056693
 0.945000 1.958849 32.839105
 0.950000 2.121147 31.967940
 0.955000 2.277372 30.405263
 0.960000 2.424019 28.136545
 0.965000 2.557576 25.173683
 0.970000 2.674660 21.556259
 0.975000 2.772156 17.351813
 0.980000 2.847353 12.654108
 0.985000 2.898066 7.579783
 0.990000 2.922744 2.263784
 0.995000 2.920542 -3.146728
 1.000000 2.891368 -8.499090
