#! FIELDS cmap hh dhh_cmap
#! SET normalisation  199999.000000
#! SET min_cmap 0
#! SET max_cmap 1
#! SET nbins_cmap  200
#! SET periodic_cmap false
 0.000000 4.139944 11.372395
 0.005000 4.176458 3.197671
 0.010000 4.171772 -5.066330
 0.015000 4.126054 -13.174584
 0.020000 4.040682 -20.889904
 0.025000 3.918175 -27.994459
 0.030000 3.762072 -34.299994
 0.035000 3.576760 -39.656037
 0.040000 3.367275 -43.955623
 0.045000 3.139068 -47.138260
 0.050000 2.897780 -49.190024
 0.055000 2.649005 -50.141041
 0.060000 2.398090 -50.060588
 0.065000 2.149950 -49.050412
 0.070000 1.908926 -47.236819
 0.075000 1.678684 -44.762214
 0.080000 1.462156 -41.776623
 0.085000 1.261520 -38.429847
 0.090000 1.078221 -34.864570
 0.095000 0.913021 -31.210833
 0.100000 0.766070 -27.582001
 0.105000 0.637001 -24.072232
 0.110000 0.525026 -20.755414
 0.115000 0.429035 -17.685368
 0.120000 0.347701 -14.897079
 0.125000 0.279564 -12.408746
 0.130000 0.223107 -10.224273
 0.135000 0.176827 -8.336065
 0.140000 0.139279 -6.727814
 0.145000 0.109119 -5.377132
 0.150000 0.085122 -4.257939
 0.155000 0.066200 -3.342441
 0.160000 0.051405 -2.602759
 0.165000 0.039925 -2.012152
 0.170000 0.031077 -1.545835
 0.175000 0.024296 -1.181536
 0.180000 0.019124 -0.899734
 0.185000 0.014346 -0.621468
 0.190000 0.007221 -0.154956
 0.195000 0.006477 -0.135900
 0.200000 0.005805 -0.117751
 0.205000 0.005236 -0.103350
 0.210000 0.004744 -0.091176
 0.215000 0.004306 -0.079997
 0.220000 0.003923 -0.070261
 0.225000 0.003589 -0.061772
 0.230000 0.003292 -0.053995
 0.235000 0.003033 -0.047276
 0.240000 0.002807 -0.041346
 0.245000 0.002608 -0.036179
 0.250000 0.002436 -0.031805
 0.255000 0.002284 -0.027987
 0.260000 0.002150 -0.024661
 0.265000 0.002032 -0.021867
 0.270000 0.001925 -0.019396
 0.275000 0.001832 -0.017416
 0.280000 0.001747 -0.015722
 0.285000 0.001670 -0.014333
 0.290000 0.001600 -0.013218
 0.295000 0.001535 -0.012299
 0.300000 0.001474 -0.011543
 0.305000 0.001417 -0.010888
 0.310000 0.001363 -0.010381
 0.315000 0.001312 -0.009955
 0.320000 0.001262 -0.009584
 0.325000 0.001215 -0.009245
 0.330000 0.001169 -0.008948
 0.335000 0.001124 -0.008679
 0.340000 0.001081 -0.008402
 0.345000 0.001039 -0.008140
 0.350000 0.000999 -0.007883
 0.355000 0.000960 -0.007633
 0.360000 0.000922 -0.007371
 0.365000 0.000885 -0.007113
 0.370000 0.000850 -0.006840
 0.375000 0.000816 -0.006587
 0.380000 0.000784 -0.006328
 0.385000 0.000753 -0.006066
 0.390000 0.000723 -0.005788
 0.395000 0.000695 -0.005516
 0.400000 0.000668 -0.005246
 0.405000 0.000642 -0.004970
 0.410000 0.000618 -0.004696
 0.415000 0.000595 -0.004421
 0.420000 0.000574 -0.004144
 0.425000 0.000554 -0.003866
 0.430000 0.000535 -0.003592
 0.435000 0.000518 -0.003295
 0.440000 0.000502 -0.002981
 0.445000 0.000488 -0.002640
 0.450000 0.000476 -0.002285
 0.455000 0.000465 -0.001901
 0.460000 0.000457 -0.001483
 0.465000 0.000451 -0.001016
 0.470000 0.000447 -0.000485
 0.475000 0.000446 0.000089
 0.480000 0.000448 0.000721
 0.485000 0.000454 0.001430
 0.490000 0.000463 0.002204
 0.495000 0.000477 0.003068
 0.500000 0.000495 0.004023
 0.505000 0.000518 0.005040
 0.510000 0.000546 0.006168
 0.515000 0.000580 0.007382
 0.520000 0.000621 0.008692
 0.525000 0.000668 0.010108
 0.530000 0.000723 0.011642
 0.535000 0.000786 0.013291
 0.540000 0.000858 0.015083
 0.545000 0.000939 0.017024
 0.550000 0.001030 0.019124
 0.555000 0.001132 0.021388
 0.560000 0.001245 0.023818
 0.565000 0.001372 0.026473
 0.570000 0.001512 0.029382
 0.575000 0.001668 0.032545
 0.580000 0.001840 0.035961
 0.585000 0.002029 0.039637
 0.590000 0.002239 0.043623
 0.595000 0.002469 0.047888
 0.600000 0.002720 0.052397
 0.605000 0.002994 0.057142
 0.610000 0.003294 0.062172
 0.615000 0.003619 0.067395
 0.620000 0.003971 0.072838
 0.625000 0.004350 0.078381
 0.630000 0.004757 0.083973
 0.635000 0.005193 0.089638
 0.640000 0.005656 0.095241
 0.645000 0.006148 0.100759
 0.650000 0.006667 0.106144
 0.655000 0.007213 0.111312
 0.660000 0.007784 0.116254
 0.665000 0.008379 0.120927
 0.670000 0.008997 0.125314
 0.675000 0.009637 0.129480
 0.680000 0.010296 0.133280
 0.685000 0.010974 0.136865
 0.690000 0.011669 0.140228
 0.695000 0.012381 0.143440
 0.700000 0.013110 0.146625
 0.705000 0.013854 0.149845
 0.710000 0.014616 0.153224
 0.715000 0.015395 0.156933
 0.720000 0.016196 0.161130
 0.725000 0.017020 0.165995
 0.730000 0.017873 0.171803
 0.735000 0.018758 0.178566
 0.740000 0.019683 0.186825
 0.745000 0.020655 0.196635
 0.750000 0.021684 0.208454
 0.755000 0.022786 0.223084
 0.760000 0.023972 0.240668
 0.765000 0.025253 0.261487
 0.770000 0.026662 0.287150
 0.775000 0.028217 0.318129
 0.780000 0.029959 0.356243
 0.785000 0.031943 0.404239
 0.790000 0.034192 0.462219
 0.795000 0.036998 0.549278
 0.800000 0.040165 0.648219
 0.805000 0.043877 0.769122
 0.810000 0.048494 0.934092
 0.815000 0.056128 1.293162
 0.820000 0.063271 1.573916
 0.825000 0.071977 1.920815
 0.830000 0.082611 2.347096
 0.835000 0.095604 2.867575
 0.840000 0.111469 3.498471
 0.845000 0.130801 4.257136
 0.850000 0.154283 5.161504
 0.855000 0.182688 6.229382
 0.860000 0.216876 7.477521
 0.865000 0.257787 8.920390
 0.870000 0.306422 10.568790
 0.875000 0.363826 12.428301
 0.880000 0.431053 14.497391
 0.885000 0.509130 16.765770
 0.890000 0.599007 19.212585
 0.895000 0.701498 21.804993
 0.900000 0.817222 24.496910
 0.905000 0.946532 27.228601
 0.910000 1.089450 29.926684
 0.915000 1.245598 32.505211
 0.920000 1.414140 34.867581
 0.925000 1.593738 36.909602
 0.930000 1.782521 38.523450
 0.935000 1.978078 39.602390
 0.940000 2.177482 40.046266
 0.945000 2.377333 39.767498
 0.950000 2.573834 38.696813
 0.955000 2.762901 36.788836
 0.960000 2.940293 34.026532
 0.965000 3.101762 30.424742
 0.970000 3.243218 26.032032
 0.975000 3.360897 20.930668
 0.980000 3.451528 15.234354
 0.985000 3.512480 9.084664
 0.990000 3.541886 2.644948
 0.995000 3.538739 -3.906588
 1.000000 3.502938 -10.385156
