#! FIELDS cmap hh dhh_cmap
#! SET normalisation  199999.000000
#! SET min_cmap 0
#! SET max_cmap 1
#! SET nbins_cmap  200
#! SET periodic_cmap false
 0.000000 5.426613 14.943280
 0.005000 5.474658 4.227918
 0.010000 5.468696 -6.605709
 0.015000 5.408940 -17.236422
 0.020000 5.297190 -27.353222
 0.025000 5.136743 -36.670436
 0.030000 4.932233 -44.941086
 0.035000 4.689409 -51.967697
 0.040000 4.414867 -57.609821
 0.045000 4.115754 -61.787869
 0.050000 3.799463 -64.483351
 0.055000 3.473330 -65.735500
 0.060000 3.144365 -65.634919
 0.065000 2.819015 -64.314842
 0.070000 2.502975 -61.940718
 0.075000 2.201054 -58.699161
 0.080000 1.917101 -54.786833
 0.085000 1.653976 -50.400103
 0.090000 1.413578 -45.726106
 0.095000 1.196909 -40.935407
 0.100000 1.004170 -36.176733
 0.105000 0.834881 -31.573642
 0.110000 0.688011 -27.223145
 0.115000 0.562110 -23.195913
 0.120000 0.455435 -19.537936
 0.125000 0.366074 -16.273165
 0.130000 0.292039 -13.406813
 0.135000 0.231358 -10.928995
 0.140000 0.182137 -8.818375
 0.145000 0.142611 -7.045646
 0.150000 0.111174 -5.576629
 0.155000 0.086399 -4.374908
 0.160000 0.067040 -3.403935
 0.165000 0.052034 -2.628624
 0.170000 0.040483 -2.016519
 0.175000 0.031646 -1.538398
 0.180000 0.024918 -1.168663
 0.185000 0.018717 -0.804374
 0.190000 0.009428 -0.192747
 0.195000 0.008505 -0.168000
 0.200000 0.007670 -0.144424
 0.205000 0.006970 -0.126052
 0.210000 0.006368 -0.110907
 0.215000 0.005833 -0.097304
 0.220000 0.005366 -0.085758
 0.225000 0.004955 -0.075808
 0.230000 0.004589 -0.067000
 0.235000 0.004267 -0.059577
 0.240000 0.003979 -0.053134
 0.245000 0.003722 -0.047592
 0.250000 0.003492 -0.042939
 0.255000 0.003283 -0.038887
 0.260000 0.003094 -0.035455
 0.265000 0.002921 -0.032561
 0.270000 0.002761 -0.029989
 0.275000 0.002614 -0.027808
 0.280000 0.002478 -0.025929
 0.285000 0.002350 -0.024255
 0.290000 0.002231 -0.022824
 0.295000 0.002119 -0.021447
 0.300000 0.002013 -0.020236
 0.305000 0.001914 -0.019122
 0.310000 0.001820 -0.018067
 0.315000 0.001731 -0.017039
 0.320000 0.001648 -0.016057
 0.325000 0.001569 -0.015074
 0.330000 0.001495 -0.014125
 0.335000 0.001426 -0.013193
 0.340000 0.001362 -0.012247
 0.345000 0.001303 -0.011284
 0.350000 0.001248 -0.010329
 0.355000 0.001199 -0.009368
 0.360000 0.001154 -0.008414
 0.365000 0.001114 -0.007458
 0.370000 0.001079 -0.006496
 0.375000 0.001048 -0.005549
 0.380000 0.001023 -0.004643
 0.385000 0.001002 -0.003775
 0.390000 0.000985 -0.002964
 0.395000 0.000972 -0.002210
 0.400000 0.000962 -0.001532
 0.405000 0.000956 -0.000939
 0.410000 0.000953 -0.000428
 0.415000 0.000952 -0.000004
 0.420000 0.000953 0.000357
 0.425000 0.000955 0.000620
 0.430000 0.000959 0.000804
 0.435000 0.000963 0.000941
 0.440000 0.000968 0.001037
 0.445000 0.000974 0.001123
 0.450000 0.000979 0.001255
 0.455000 0.000986 0.001433
 0.460000 0.000994 0.001709
 0.465000 0.001004 0.002091
 0.470000 0.001015 0.002616
 0.475000 0.001030 0.003282
 0.480000 0.001048 0.004112
 0.485000 0.001071 0.005129
 0.490000 0.001100 0.006336
 0.495000 0.001135 0.007734
 0.500000 0.001178 0.009310
 0.505000 0.001229 0.011041
 0.510000 0.001289 0.012912
 0.515000 0.001359 0.014870
 0.520000 0.001438 0.016869
 0.525000 0.001528 0.018880
 0.530000 0.001628 0.020877
 0.535000 0.001737 0.022742
 0.540000 0.001855 0.024445
 0.545000 0.001982 0.025960
 0.550000 0.002115 0.027236
 0.555000 0.002254 0.028247
 0.560000 0.002398 0.028943
 0.565000 0.002544 0.029346
 0.570000 0.002692 0.029451
 0.575000 0.002839 0.029284
 0.580000 0.002985 0.028907
 0.585000 0.003129 0.028376
 0.590000 0.003270 0.027728
 0.595000 0.003407 0.027026
 0.600000 0.003542 0.026421
 0.605000 0.003673 0.025931
 0.610000 0.003803 0.025644
 0.615000 0.003931 0.025646
 0.620000 0.004061 0.025991
 0.625000 0.004193 0.026710
 0.630000 0.004330 0.027871
 0.635000 0.004475 0.029511
 0.640000 0.004628 0.031543
 0.645000 0.004793 0.034028
 0.650000 0.004972 0.036917
 0.655000 0.005166 0.040145
 0.660000 0.005377 0.043717
 0.665000 0.005607 0.047577
 0.670000 0.005856 0.051657
 0.675000 0.006127 0.055966
 0.680000 0.006420 0.060486
 0.685000 0.006735 0.065137
 0.690000 0.007074 0.069951
 0.695000 0.007437 0.074919
 0.700000 0.007827 0.080113
 0.705000 0.008243 0.085536
 0.710000 0.008688 0.091278
 0.715000 0.009162 0.097311
 0.720000 0.009667 0.103669
 0.725000 0.010207 0.110523
 0.730000 0.010784 0.117959
 0.735000 0.011399 0.125931
 0.740000 0.012057 0.134636
 0.745000 0.012763 0.144214
 0.750000 0.013521 0.154754
 0.755000 0.014340 0.166759
 0.760000 0.015226 0.180367
 0.765000 0.016185 0.195671
 0.770000 0.017231 0.213436
 0.775000 0.018376 0.234050
 0.780000 0.019649 0.259076
 0.785000 0.021071 0.289574
 0.790000 0.022666 0.326136
 0.795000 0.024616 0.381088
 0.800000 0.026789 0.443148
 0.805000 0.029303 0.518944
 0.810000 0.032390 0.622937
 0.815000 0.037427 0.853309
 0.820000 0.042125 1.032384
 0.825000 0.047822 1.254478
 0.830000 0.054755 1.528303
 0.835000 0.063207 1.863648
 0.840000 0.073512 2.271214
 0.845000 0.086058 2.762406
 0.850000 0.101295 3.349008
 0.855000 0.119727 4.042702
 0.860000 0.141918 4.854428
 0.865000 0.168483 5.793661
 0.870000 0.200078 6.867417
 0.875000 0.237386 8.079276
 0.880000 0.281098 9.428179
 0.885000 0.331885 10.907338
 0.890000 0.390366 12.503087
 0.895000 0.457073 14.193911
 0.900000 0.532412 15.949677
 0.905000 0.616613 17.731320
 0.910000 0.709688 19.491001
 0.915000 0.811392 21.172614
 0.920000 0.921179 22.713189
 0.925000 1.038175 24.044795
 0.930000 1.161160 25.097170
 0.935000 1.288564 25.800776
 0.940000 1.418476 26.090444
 0.945000 1.548681 25.909173
 0.950000 1.676705 25.211898
 0.955000 1.799887 23.969026
 0.960000 1.915465 22.169536
 0.965000 2.020668 19.823253
 0.970000 2.112835 16.961751
 0.975000 2.189513 13.638579
 0.980000 2.248572 9.927896
 0.985000 2.288297 5.921888
 0.990000 2.307473 1.726974
 0.995000 2.305443 -2.540761
 1.000000 2.282141 -6.761029
