#! FIELDS cmap hh dhh_cmap
#! SET normalisation  199999.000000
#! SET min_cmap 0
#! SET max_cmap 1
#! SET nbins_cmap  200
#! SET periodic_cmap false
 0.000000 4.643067 12.750944
 0.005000 4.684002 3.583596
 0.010000 4.678736 -5.683761
 0.015000 4.627456 -14.776361
 0.020000 4.531709 -23.428255
 0.025000 4.394318 -31.395205
 0.030000 4.219253 -38.466097
 0.035000 4.011435 -44.472215
 0.040000 3.776508 -49.293612
 0.045000 3.520589 -52.862464
 0.050000 3.250000 -55.163163
 0.055000 2.971018 -56.229473
 0.060000 2.689636 -56.139067
 0.065000 2.411366 -55.006043
 0.070000 2.141078 -52.972031
 0.075000 1.882882 -50.196728
 0.080000 1.640066 -46.848358
 0.085000 1.415073 -43.094904
 0.090000 1.209525 -39.096386
 0.095000 1.024274 -34.998636
 0.100000 0.859491 -30.928791
 0.105000 0.714762 -26.992466
 0.110000 0.589204 -23.272524
 0.115000 0.481575 -19.829332
 0.120000 0.390383 -16.702153
 0.125000 0.313992 -13.911400
 0.130000 0.250701 -11.461472
 0.135000 0.198823 -9.343866
 0.140000 0.156738 -7.540304
 0.145000 0.122938 -6.025688
 0.150000 0.096049 -4.770761
 0.155000 0.074850 -3.744382
 0.160000 0.058276 -2.915287
 0.165000 0.045418 -2.253473
 0.170000 0.035509 -1.731161
 0.175000 0.027916 -1.323356
 0.180000 0.022122 -1.008166
 0.185000 0.016758 -0.696495
 0.190000 0.008782 -0.175546
 0.195000 0.007935 -0.154903
 0.200000 0.007165 -0.135368
 0.205000 0.006507 -0.120095
 0.210000 0.005930 -0.107310
 0.215000 0.005410 -0.095773
 0.220000 0.004949 -0.085732
 0.225000 0.004536 -0.076870
 0.230000 0.004164 -0.068849
 0.235000 0.003833 -0.061864
 0.240000 0.003534 -0.055522
 0.245000 0.003266 -0.049841
 0.250000 0.003025 -0.044748
 0.255000 0.002809 -0.040214
 0.260000 0.002615 -0.036126
 0.265000 0.002441 -0.032518
 0.270000 0.002284 -0.029190
 0.275000 0.002144 -0.026296
 0.280000 0.002017 -0.023717
 0.285000 0.001903 -0.021375
 0.290000 0.001799 -0.019249
 0.295000 0.001706 -0.017418
 0.300000 0.001622 -0.015800
 0.305000 0.001545 -0.014360
 0.310000 0.001476 -0.013067
 0.315000 0.001413 -0.011908
 0.320000 0.001355 -0.010865
 0.325000 0.001302 -0.009923
 0.330000 0.001255 -0.009061
 0.335000 0.001210 -0.008217
 0.340000 0.001171 -0.007479
 0.345000 0.001135 -0.006796
 0.350000 0.001102 -0.006161
 0.355000 0.001072 -0.005568
 0.360000 0.001045 -0.005032
 0.365000 0.001021 -0.004562
 0.370000 0.000999 -0.004150
 0.375000 0.000979 -0.003803
 0.380000 0.000961 -0.003493
 0.385000 0.000943 -0.003242
 0.390000 0.000927 -0.003065
 0.395000 0.000912 -0.002935
 0.400000 0.000898 -0.002849
 0.405000 0.000883 -0.002801
 0.410000 0.000869 -0.002787
 0.415000 0.000855 -0.002774
 0.420000 0.000841 -0.002761
 0.425000 0.000827 -0.002722
 0.430000 0.000814 -0.002654
 0.435000 0.000801 -0.002532
 0.440000 0.000789 -0.002374
 0.445000 0.000777 -0.002152
 0.450000 0.000767 -0.001871
 0.455000 0.000759 -0.001543
 0.460000 0.000752 -0.001154
 0.465000 0.000747 -0.000720
 0.470000 0.000745 -0.000258
 0.475000 0.000745 0.000246
 0.480000 0.000747 0.000749
 0.485000 0.000752 0.001265
 0.490000 0.000760 0.001778
 0.495000 0.000771 0.002292
 0.500000 0.000784 0.002790
 0.505000 0.000799 0.003292
 0.510000 0.000818 0.003795
 0.515000 0.000838 0.004298
 0.520000 0.000861 0.004833
 0.525000 0.000887 0.005382
 0.530000 0.000916 0.006021
 0.535000 0.000948 0.006741
 0.540000 0.000985 0.007607
 0.545000 0.001026 0.008628
 0.550000 0.001072 0.009842
 0.555000 0.001126 0.011296
 0.560000 0.001187 0.013010
 0.565000 0.001257 0.015021
 0.570000 0.001339 0.017340
 0.575000 0.001432 0.019992
 0.580000 0.001540 0.023014
 0.585000 0.001665 0.026390
 0.590000 0.001806 0.030107
 0.595000 0.001968 0.034167
 0.600000 0.002150 0.038549
 0.605000 0.002355 0.043216
 0.610000 0.002585 0.048100
 0.615000 0.002839 0.053163
 0.620000 0.003118 0.058339
 0.625000 0.003424 0.063543
 0.630000 0.003757 0.068772
 0.635000 0.004115 0.073898
 0.640000 0.004498 0.078871
 0.645000 0.004906 0.083629
 0.650000 0.005337 0.088141
 0.655000 0.005790 0.092371
 0.660000 0.006263 0.096270
 0.665000 0.006755 0.099879
 0.670000 0.007264 0.103222
 0.675000 0.007790 0.106298
 0.680000 0.008331 0.109215
 0.685000 0.008887 0.112004
 0.690000 0.009456 0.114754
 0.695000 0.010039 0.117558
 0.700000 0.010637 0.120514
 0.705000 0.011251 0.123757
 0.710000 0.011883 0.127410
 0.715000 0.012534 0.131504
 0.720000 0.013208 0.136241
 0.725000 0.013908 0.141690
 0.730000 0.014640 0.148085
 0.735000 0.015406 0.155411
 0.740000 0.016214 0.164030
 0.745000 0.017072 0.174120
 0.750000 0.017985 0.185743
 0.755000 0.018968 0.199658
 0.760000 0.020032 0.216226
 0.765000 0.021185 0.235459
 0.770000 0.022454 0.258799
 0.775000 0.023853 0.286536
 0.780000 0.025420 0.320513
 0.785000 0.027195 0.362688
 0.790000 0.029210 0.413812
 0.795000 0.031708 0.489998
 0.800000 0.034520 0.576308
 0.805000 0.037815 0.682218
 0.810000 0.041897 0.826128
 0.815000 0.048591 1.137767
 0.820000 0.054868 1.381837
 0.825000 0.062504 1.683064
 0.830000 0.071813 2.052786
 0.835000 0.083167 2.503705
 0.840000 0.097008 3.049746
 0.845000 0.113847 3.705744
 0.850000 0.134273 4.487118
 0.855000 0.158952 5.409126
 0.860000 0.188622 6.486148
 0.865000 0.224091 7.730631
 0.870000 0.266222 9.151892
 0.875000 0.315912 10.754691
 0.880000 0.374068 12.537760
 0.885000 0.441574 14.492331
 0.890000 0.519247 16.600425
 0.895000 0.607787 18.833846
 0.900000 0.707727 21.152943
 0.905000 0.819372 23.506289
 0.910000 0.942741 25.830670
 0.915000 1.077506 28.052029
 0.920000 1.222949 30.087140
 0.925000 1.377916 31.846164
 0.930000 1.540794 33.236067
 0.935000 1.709506 34.164761
 0.940000 1.881527 34.545910
 0.945000 2.053923 34.303917
 0.950000 2.223424 33.378932
 0.955000 2.386506 31.731706
 0.960000 2.539509 29.347547
 0.965000 2.678770 26.239203
 0.970000 2.800759 22.448484
 0.975000 2.902231 18.046219
 0.980000 2.980361 13.130587
 0.985000 3.032880 7.823631
 0.990000 3.058177 2.266376
 0.995000 3.055379 -3.387364
 1.000000 3.024404 -8.978294
