#! FIELDS cmap hh dhh_cmap
#! SET normalisation  199999.000000
#! SET min_cmap 0
#! SET max_cmap 1
#! SET nbins_cmap  200
#! SET periodic_cmap false
 0.000000 5.122443 14.075057
 0.005000 5.167642 3.960774
 0.010000 5.161867 -6.264224
 0.015000 5.105321 -16.296819
 0.020000 4.999710 -25.843566
 0.025000 4.848147 -34.634930
 0.030000 4.655011 -42.437931
 0.035000 4.425729 -49.066351
 0.040000 4.166529 -54.387764
 0.045000 3.884158 -58.327204
 0.050000 3.585592 -60.867367
 0.055000 3.277757 -62.045418
 0.060000 2.967268 -61.946967
 0.065000 2.660207 -60.697832
 0.070000 2.361949 -58.454243
 0.075000 2.077030 -55.392351
 0.080000 1.809080 -51.697804
 0.085000 1.560797 -47.555951
 0.090000 1.333971 -43.143404
 0.095000 1.129545 -38.621113
 0.100000 0.947707 -34.129464
 0.105000 0.788004 -29.785035
 0.110000 0.649458 -25.679351
 0.115000 0.530700 -21.879086
 0.120000 0.430085 -18.427613
 0.125000 0.345804 -15.347510
 0.130000 0.275982 -12.643657
 0.135000 0.218755 -10.306682
 0.140000 0.172337 -8.316401
 0.145000 0.135060 -6.645099
 0.150000 0.105408 -5.260464
 0.155000 0.082035 -4.128081
 0.160000 0.063765 -3.213400
 0.165000 0.049593 -2.483271
 0.170000 0.038676 -1.907003
 0.175000 0.030313 -1.456984
 0.180000 0.023936 -1.109028
 0.185000 0.018038 -0.764961
 0.190000 0.009257 -0.189758
 0.195000 0.008346 -0.166472
 0.200000 0.007517 -0.143984
 0.205000 0.006819 -0.126413
 0.210000 0.006215 -0.111745
 0.215000 0.005677 -0.098309
 0.220000 0.005204 -0.086547
 0.225000 0.004790 -0.076365
 0.230000 0.004423 -0.067341
 0.235000 0.004100 -0.059507
 0.240000 0.003814 -0.052612
 0.245000 0.003560 -0.046709
 0.250000 0.003335 -0.041727
 0.255000 0.003133 -0.037480
 0.260000 0.002952 -0.033948
 0.265000 0.002787 -0.030970
 0.270000 0.002636 -0.028553
 0.275000 0.002496 -0.026499
 0.280000 0.002366 -0.024848
 0.285000 0.002243 -0.023472
 0.290000 0.002127 -0.022364
 0.295000 0.002016 -0.021415
 0.300000 0.001910 -0.020587
 0.305000 0.001808 -0.019845
 0.310000 0.001709 -0.019114
 0.315000 0.001615 -0.018413
 0.320000 0.001523 -0.017653
 0.325000 0.001436 -0.016900
 0.330000 0.001353 -0.016119
 0.335000 0.001274 -0.015282
 0.340000 0.001199 -0.014377
 0.345000 0.001129 -0.013431
 0.350000 0.001064 -0.012446
 0.355000 0.001003 -0.011407
 0.360000 0.000948 -0.010372
 0.365000 0.000899 -0.009320
 0.370000 0.000855 -0.008272
 0.375000 0.000816 -0.007222
 0.380000 0.000782 -0.006184
 0.385000 0.000754 -0.005180
 0.390000 0.000730 -0.004202
 0.395000 0.000711 -0.003240
 0.400000 0.000697 -0.002349
 0.405000 0.000688 -0.001509
 0.410000 0.000682 -0.000708
 0.415000 0.000680 0.000023
 0.420000 0.000682 0.000701
 0.425000 0.000687 0.001308
 0.430000 0.000695 0.001839
 0.435000 0.000706 0.002311
 0.440000 0.000718 0.002726
 0.445000 0.000733 0.003072
 0.450000 0.000749 0.003363
 0.455000 0.000766 0.003597
 0.460000 0.000784 0.003823
 0.465000 0.000804 0.004013
 0.470000 0.000825 0.004213
 0.475000 0.000846 0.004425
 0.480000 0.000869 0.004675
 0.485000 0.000894 0.004986
 0.490000 0.000920 0.005370
 0.495000 0.000948 0.005856
 0.500000 0.000979 0.006437
 0.505000 0.001013 0.007148
 0.510000 0.001051 0.008018
 0.515000 0.001094 0.009033
 0.520000 0.001143 0.010185
 0.525000 0.001197 0.011479
 0.530000 0.001259 0.012915
 0.535000 0.001327 0.014469
 0.540000 0.001405 0.016154
 0.545000 0.001491 0.017967
 0.550000 0.001586 0.019850
 0.555000 0.001690 0.021850
 0.560000 0.001805 0.023920
 0.565000 0.001931 0.026073
 0.570000 0.002067 0.028287
 0.575000 0.002215 0.030595
 0.580000 0.002375 0.033004
 0.585000 0.002546 0.035507
 0.590000 0.002731 0.038112
 0.595000 0.002929 0.040840
 0.600000 0.003141 0.043663
 0.605000 0.003367 0.046615
 0.610000 0.003609 0.049673
 0.615000 0.003866 0.052827
 0.620000 0.004139 0.056061
 0.625000 0.004428 0.059346
 0.630000 0.004734 0.062654
 0.635000 0.005057 0.065966
 0.640000 0.005397 0.069256
 0.645000 0.005753 0.072467
 0.650000 0.006124 0.075546
 0.655000 0.006511 0.078465
 0.660000 0.006912 0.081202
 0.665000 0.007326 0.083759
 0.670000 0.007752 0.086086
 0.675000 0.008189 0.088267
 0.680000 0.008638 0.090338
 0.685000 0.009096 0.092272
 0.690000 0.009564 0.094173
 0.695000 0.010042 0.096118
 0.700000 0.010530 0.098217
 0.705000 0.011031 0.100673
 0.710000 0.011545 0.103476
 0.715000 0.012073 0.106751
 0.720000 0.012621 0.110704
 0.725000 0.013190 0.115444
 0.730000 0.013788 0.121153
 0.735000 0.014417 0.127992
 0.740000 0.015085 0.136048
 0.745000 0.015800 0.145722
 0.750000 0.016567 0.156928
 0.755000 0.017402 0.170339
 0.760000 0.018314 0.186244
 0.765000 0.019312 0.204609
 0.770000 0.020418 0.226470
 0.775000 0.021645 0.252049
 0.780000 0.023026 0.282927
 0.785000 0.024593 0.320577
 0.790000 0.026369 0.365348
 0.795000 0.028562 0.431041
 0.800000 0.031033 0.505387
 0.805000 0.033912 0.595565
 0.810000 0.037452 0.717101
 0.815000 0.043209 0.980696
 0.820000 0.048609 1.186639
 0.825000 0.055155 1.440745
 0.830000 0.063112 1.752739
 0.835000 0.072797 2.133509
 0.840000 0.084581 2.594988
 0.845000 0.098901 3.149919
 0.850000 0.116257 3.811462
 0.855000 0.137215 4.592683
 0.860000 0.162403 5.505858
 0.865000 0.192510 6.561558
 0.870000 0.228269 7.767699
 0.875000 0.270443 9.128298
 0.880000 0.319806 10.642155
 0.885000 0.377107 12.301660
 0.890000 0.443039 14.091452
 0.895000 0.518197 15.987376
 0.900000 0.603032 17.955623
 0.905000 0.697800 19.952346
 0.910000 0.802512 21.923768
 0.915000 0.916889 23.806854
 0.920000 1.040315 25.530970
 0.925000 1.171805 27.019805
 0.930000 1.309987 28.194462
 0.935000 1.453094 28.976896
 0.940000 1.598979 29.294047
 0.945000 1.745150 29.081960
 0.950000 1.888829 28.290156
 0.955000 2.027027 26.885631
 0.960000 2.156641 24.856220
 0.965000 2.274563 22.213040
 0.970000 2.377804 18.991898
 0.975000 2.463616 15.253120
 0.980000 2.529608 11.080193
 0.985000 2.573863 6.576793
 0.990000 2.595022 1.862615
 0.995000 2.592353 -2.931917
 1.000000 2.565791 -7.671676
