#! FIELDS cmap hh dhh_cmap
#! SET normalisation  99999.000000
#! SET min_cmap 0
#! SET max_cmap 1
#! SET nbins_cmap  200
#! SET periodic_cmap false
 0.000000 7.742654 20.969124
 0.005000 7.809423 5.673741
 0.010000 7.799125 -9.781039
 0.015000 7.712111 -24.937179
 0.020000 7.550992 -39.351647
 0.025000 7.320512 -52.617855
 0.030000 7.027317 -64.384784
 0.035000 6.679635 -74.372175
 0.040000 6.286897 -82.381268
 0.045000 5.859311 -88.300175
 0.050000 5.407426 -92.104038
 0.055000 4.941705 -93.850211
 0.060000 4.472140 -93.669074
 0.065000 4.007911 -91.751621
 0.070000 3.557125 -88.334505
 0.075000 3.126622 -83.684276
 0.080000 2.721869 -78.081607
 0.085000 2.346926 -71.806548
 0.090000 2.004479 -65.125764
 0.095000 1.695938 -58.282202
 0.100000 1.421573 -51.487578
 0.105000 1.180685 -44.917689
 0.110000 0.971790 -38.710415
 0.115000 0.792808 -32.966139
 0.120000 0.641246 -27.750075
 0.125000 0.514369 -23.096061
 0.130000 0.409336 -19.011283
 0.135000 0.323330 -15.481411
 0.140000 0.253648 -12.475867
 0.145000 0.197768 -9.952729
 0.150000 0.153398 -7.863144
 0.155000 0.118500 -6.155083
 0.160000 0.091298 -4.776360
 0.165000 0.070272 -3.676889
 0.170000 0.054142 -2.810275
 0.175000 0.041851 -2.134780
 0.180000 0.032537 -1.613814
 0.185000 0.023820 -1.091442
 0.190000 0.010972 -0.238310
 0.195000 0.009827 -0.207614
 0.200000 0.008786 -0.178569
 0.205000 0.007915 -0.156761
 0.210000 0.007159 -0.138937
 0.215000 0.006483 -0.123106
 0.220000 0.005883 -0.109415
 0.225000 0.005355 -0.097933
 0.230000 0.004880 -0.087597
 0.235000 0.004457 -0.078625
 0.240000 0.004075 -0.070476
 0.245000 0.003732 -0.063167
 0.250000 0.003428 -0.056809
 0.255000 0.003154 -0.050961
 0.260000 0.002908 -0.045648
 0.265000 0.002688 -0.040849
 0.270000 0.002491 -0.036489
 0.275000 0.002315 -0.032569
 0.280000 0.002159 -0.029103
 0.285000 0.002020 -0.026002
 0.290000 0.001895 -0.023310
 0.295000 0.001783 -0.020958
 0.300000 0.001683 -0.018971
 0.305000 0.001590 -0.017200
 0.310000 0.001506 -0.015828
 0.315000 0.001429 -0.014745
 0.320000 0.001356 -0.013935
 0.325000 0.001288 -0.013325
 0.330000 0.001221 -0.012881
 0.335000 0.001157 -0.012623
 0.340000 0.001094 -0.012420
 0.345000 0.001031 -0.012310
 0.350000 0.000969 -0.012207
 0.355000 0.000907 -0.012122
 0.360000 0.000846 -0.012017
 0.365000 0.000786 -0.011882
 0.370000 0.000727 -0.011660
 0.375000 0.000669 -0.011363
 0.380000 0.000613 -0.010955
 0.385000 0.000560 -0.010469
 0.390000 0.000508 -0.009871
 0.395000 0.000461 -0.009199
 0.400000 0.000416 -0.008434
 0.405000 0.000376 -0.007610
 0.410000 0.000339 -0.006751
 0.415000 0.000308 -0.005868
 0.420000 0.000281 -0.004959
 0.425000 0.000258 -0.004025
 0.430000 0.000240 -0.003153
 0.435000 0.000226 -0.002309
 0.440000 0.000217 -0.001494
 0.445000 0.000211 -0.000751
 0.450000 0.000209 -0.000076
 0.455000 0.000210 0.000522
 0.460000 0.000214 0.001061
 0.465000 0.000220 0.001500
 0.470000 0.000229 0.001846
 0.475000 0.000239 0.002118
 0.480000 0.000250 0.002307
 0.485000 0.000262 0.002435
 0.490000 0.000274 0.002509
 0.495000 0.000286 0.002523
 0.500000 0.000299 0.002506
 0.505000 0.000311 0.002471
 0.510000 0.000323 0.002412
 0.515000 0.000335 0.002357
 0.520000 0.000347 0.002323
 0.525000 0.000359 0.002318
 0.530000 0.000370 0.002334
 0.535000 0.000382 0.002377
 0.540000 0.000394 0.002449
 0.545000 0.000407 0.002563
 0.550000 0.000420 0.002727
 0.555000 0.000434 0.002895
 0.560000 0.000449 0.003123
 0.565000 0.000466 0.003352
 0.570000 0.000483 0.003600
 0.575000 0.000502 0.003871
 0.580000 0.000522 0.004159
 0.585000 0.000543 0.004460
 0.590000 0.000567 0.004769
 0.595000 0.000591 0.005105
 0.600000 0.000618 0.005457
 0.605000 0.000646 0.005828
 0.610000 0.000676 0.006215
 0.615000 0.000709 0.006638
 0.620000 0.000743 0.007063
 0.625000 0.000780 0.007522
 0.630000 0.000819 0.008006
 0.635000 0.000860 0.008492
 0.640000 0.000904 0.008985
 0.645000 0.000950 0.009484
 0.650000 0.000999 0.009974
 0.655000 0.001050 0.010440
 0.660000 0.001104 0.010900
 0.665000 0.001160 0.011308
 0.670000 0.001217 0.011676
 0.675000 0.001277 0.012012
 0.680000 0.001337 0.012303
 0.685000 0.001400 0.012532
 0.690000 0.001463 0.012732
 0.695000 0.001527 0.012878
 0.700000 0.001592 0.013022
 0.705000 0.001658 0.013141
 0.710000 0.001724 0.013272
 0.715000 0.001791 0.013402
 0.720000 0.001859 0.013566
 0.725000 0.001928 0.013774
 0.730000 0.001997 0.013981
 0.735000 0.002069 0.014292
 0.740000 0.002142 0.014659
 0.745000 0.002217 0.015134
 0.750000 0.002295 0.015705
 0.755000 0.002377 0.016420
 0.760000 0.002463 0.017294
 0.765000 0.002553 0.018297
 0.770000 0.002649 0.019522
 0.775000 0.002752 0.020995
 0.780000 0.002864 0.022792
 0.785000 0.002986 0.024997
 0.790000 0.003121 0.027662
 0.795000 0.003274 0.031157
 0.800000 0.003446 0.035354
 0.805000 0.003641 0.040468
 0.810000 0.003870 0.046967
 0.815000 0.004180 0.058297
 0.820000 0.004496 0.068277
 0.825000 0.004866 0.080290
 0.830000 0.005303 0.094628
 0.835000 0.005817 0.111648
 0.840000 0.006424 0.131716
 0.845000 0.007140 0.155174
 0.850000 0.007982 0.182384
 0.855000 0.008970 0.213670
 0.860000 0.010126 0.249304
 0.865000 0.011471 0.289480
 0.870000 0.013028 0.334294
 0.875000 0.014821 0.383660
 0.880000 0.016872 0.437340
 0.885000 0.019201 0.494871
 0.890000 0.021826 0.555538
 0.895000 0.024759 0.618328
 0.900000 0.028010 0.681949
 0.905000 0.031578 0.744798
 0.910000 0.035453 0.805003
 0.915000 0.039619 0.860417
 0.920000 0.044046 0.908692
 0.925000 0.048690 0.947412
 0.930000 0.053499 0.974038
 0.935000 0.058406 0.986231
 0.940000 0.063334 0.981849
 0.945000 0.068194 0.959090
 0.950000 0.072891 0.916663
 0.955000 0.077326 0.853876
 0.960000 0.081396 0.770775
 0.965000 0.085001 0.668140
 0.970000 0.088047 0.547557
 0.975000 0.090450 0.411382
 0.980000 0.092140 0.262717
 0.985000 0.093062 0.105198
 0.990000 0.093183 -0.057007
 0.995000 0.092491 -0.219513
 1.000000 0.090995 -0.377879
