#! FIELDS cmap hh dhh_cmap
#! SET normalisation  99999.000000
#! SET min_cmap 0
#! SET max_cmap 1
#! SET nbins_cmap  200
#! SET periodic_cmap false
 0.000000 7.678357 20.727768
 0.005000 7.744234 5.559175
 0.010000 7.733689 -9.765035
 0.015000 7.647082 -24.790653
 0.020000 7.487015 -39.078443
 0.025000 7.258202 -52.225455
 0.030000 6.967245 -63.883906
 0.035000 6.622311 -73.776342
 0.040000 6.232758 -81.706113
 0.045000 5.808710 -87.562807
 0.050000 5.360630 -91.322311
 0.055000 4.898891 -93.042018
 0.060000 4.433397 -92.851716
 0.065000 3.973244 -90.941144
 0.070000 3.526462 -87.545314
 0.075000 3.099826 -82.928742
 0.080000 2.698746 -77.369831
 0.085000 2.327235 -71.146324
 0.090000 1.987949 -64.522538
 0.095000 1.682274 -57.739208
 0.100000 1.410471 -51.006045
 0.105000 1.171838 -44.497061
 0.110000 0.964898 -38.348666
 0.115000 0.787583 -32.660053
 0.120000 0.637422 -27.495586
 0.125000 0.511697 -22.888517
 0.130000 0.407595 -18.845669
 0.135000 0.322323 -15.352613
 0.140000 0.253203 -12.378828
 0.145000 0.197739 -9.882582
 0.150000 0.153662 -7.815347
 0.155000 0.118957 -6.125467
 0.160000 0.091865 -4.761174
 0.165000 0.070885 -3.672817
 0.170000 0.054754 -2.814437
 0.175000 0.042427 -2.144702
 0.180000 0.033053 -1.627442
 0.185000 0.024262 -1.107050
 0.190000 0.011413 -0.260271
 0.195000 0.010162 -0.227455
 0.200000 0.009030 -0.196171
 0.205000 0.008079 -0.171724
 0.210000 0.007258 -0.151306
 0.215000 0.006529 -0.132709
 0.220000 0.005892 -0.116448
 0.225000 0.005336 -0.102338
 0.230000 0.004844 -0.089543
 0.235000 0.004416 -0.078535
 0.240000 0.004039 -0.068641
 0.245000 0.003708 -0.059901
 0.250000 0.003422 -0.052528
 0.255000 0.003172 -0.046090
 0.260000 0.002951 -0.040449
 0.265000 0.002757 -0.035597
 0.270000 0.002587 -0.031443
 0.275000 0.002435 -0.027813
 0.280000 0.002301 -0.024792
 0.285000 0.002181 -0.022201
 0.290000 0.002074 -0.020028
 0.295000 0.001977 -0.018175
 0.300000 0.001888 -0.016607
 0.305000 0.001806 -0.015201
 0.310000 0.001732 -0.014121
 0.315000 0.001663 -0.013144
 0.320000 0.001598 -0.012352
 0.325000 0.001537 -0.011708
 0.330000 0.001479 -0.011143
 0.335000 0.001424 -0.010720
 0.340000 0.001370 -0.010331
 0.345000 0.001319 -0.010022
 0.350000 0.001269 -0.009787
 0.355000 0.001220 -0.009585
 0.360000 0.001171 -0.009394
 0.365000 0.001124 -0.009254
 0.370000 0.001078 -0.009124
 0.375000 0.001033 -0.008958
 0.380000 0.000988 -0.008761
 0.385000 0.000944 -0.008542
 0.390000 0.000902 -0.008281
 0.395000 0.000861 -0.007962
 0.400000 0.000823 -0.007583
 0.405000 0.000786 -0.007123
 0.410000 0.000751 -0.006614
 0.415000 0.000720 -0.006052
 0.420000 0.000691 -0.005455
 0.425000 0.000665 -0.004820
 0.430000 0.000642 -0.004175
 0.435000 0.000623 -0.003531
 0.440000 0.000607 -0.002891
 0.445000 0.000593 -0.002271
 0.450000 0.000583 -0.001729
 0.455000 0.000576 -0.001230
 0.460000 0.000571 -0.000789
 0.465000 0.000568 -0.000441
 0.470000 0.000566 -0.000153
 0.475000 0.000566 0.000074
 0.480000 0.000567 0.000252
 0.485000 0.000568 0.000372
 0.490000 0.000571 0.000459
 0.495000 0.000573 0.000538
 0.500000 0.000576 0.000616
 0.505000 0.000579 0.000703
 0.510000 0.000583 0.000837
 0.515000 0.000588 0.001016
 0.520000 0.000594 0.001247
 0.525000 0.000601 0.001558
 0.530000 0.000610 0.001924
 0.535000 0.000620 0.002335
 0.540000 0.000633 0.002827
 0.545000 0.000648 0.003354
 0.550000 0.000667 0.003926
 0.555000 0.000688 0.004547
 0.560000 0.000712 0.005179
 0.565000 0.000740 0.005842
 0.570000 0.000771 0.006494
 0.575000 0.000805 0.007135
 0.580000 0.000842 0.007768
 0.585000 0.000883 0.008421
 0.590000 0.000926 0.009035
 0.595000 0.000973 0.009672
 0.600000 0.001023 0.010281
 0.605000 0.001076 0.010888
 0.610000 0.001133 0.011517
 0.615000 0.001192 0.012139
 0.620000 0.001255 0.012751
 0.625000 0.001321 0.013371
 0.630000 0.001389 0.013982
 0.635000 0.001461 0.014563
 0.640000 0.001535 0.015103
 0.645000 0.001612 0.015608
 0.650000 0.001692 0.016097
 0.655000 0.001774 0.016512
 0.660000 0.001857 0.016858
 0.665000 0.001942 0.017188
 0.670000 0.002029 0.017467
 0.675000 0.002118 0.017722
 0.680000 0.002207 0.017975
 0.685000 0.002298 0.018237
 0.690000 0.002390 0.018528
 0.695000 0.002484 0.018898
 0.700000 0.002581 0.019391
 0.705000 0.002680 0.019994
 0.710000 0.002782 0.020739
 0.715000 0.002888 0.021613
 0.720000 0.003000 0.022727
 0.725000 0.003117 0.024012
 0.730000 0.003242 0.025475
 0.735000 0.003374 0.027100
 0.740000 0.003515 0.028915
 0.745000 0.003666 0.030888
 0.750000 0.003827 0.032958
 0.755000 0.003999 0.035242
 0.760000 0.004183 0.037607
 0.765000 0.004380 0.040173
 0.770000 0.004591 0.042961
 0.775000 0.004816 0.045900
 0.780000 0.005057 0.049199
 0.785000 0.005319 0.053040
 0.790000 0.005598 0.057286
 0.795000 0.005911 0.062888
 0.800000 0.006250 0.069263
 0.805000 0.006624 0.076871
 0.810000 0.007050 0.086671
 0.815000 0.007599 0.103656
 0.820000 0.008153 0.118533
 0.825000 0.008789 0.136465
 0.830000 0.009523 0.157981
 0.835000 0.010375 0.183663
 0.840000 0.011368 0.214089
 0.845000 0.012525 0.249856
 0.850000 0.013876 0.291562
 0.855000 0.015451 0.339762
 0.860000 0.017285 0.394914
 0.865000 0.019413 0.457359
 0.870000 0.021871 0.527257
 0.875000 0.024697 0.604543
 0.880000 0.027927 0.688842
 0.885000 0.031595 0.779399
 0.890000 0.035729 0.875109
 0.895000 0.040352 0.974320
 0.900000 0.045475 1.074954
 0.905000 0.051099 1.174459
 0.910000 0.057212 1.269786
 0.915000 0.063784 1.357489
 0.920000 0.070768 1.433815
 0.925000 0.078096 1.494806
 0.930000 0.085683 1.536520
 0.935000 0.093423 1.555140
 0.940000 0.101191 1.547270
 0.945000 0.108847 1.510090
 0.950000 0.116239 1.441600
 0.955000 0.123208 1.340724
 0.960000 0.129592 1.207626
 0.965000 0.135232 1.043589
 0.970000 0.139980 0.851238
 0.975000 0.143703 0.634443
 0.980000 0.146291 0.398096
 0.985000 0.147660 0.148109
 0.990000 0.147759 -0.108910
 0.995000 0.146570 -0.365987
 1.000000 0.144110 -0.616057
