#! FIELDS cmap hh dhh_cmap
#! SET normalisation  99999.000000
#! SET min_cmap 0
#! SET max_cmap 1
#! SET nbins_cmap  200
#! SET periodic_cmap false
 0.000000 7.783550 20.926092
 0.005000 7.849896 5.547784
 0.010000 7.838769 -9.985814
 0.015000 7.750547 -25.214302
 0.020000 7.587879 -39.692508
 0.025000 7.355556 -53.012200
 0.030000 7.060280 -64.821136
 0.035000 6.710336 -74.838481
 0.040000 6.315218 -82.865312
 0.045000 5.885192 -88.790229
 0.050000 5.430864 -92.589255
 0.055000 4.962749 -94.320995
 0.060000 4.490883 -94.117384
 0.065000 4.024483 -92.171113
 0.070000 3.571681 -88.720630
 0.075000 3.139337 -84.034237
 0.080000 2.732928 -78.394232
 0.085000 2.356514 -72.082104
 0.090000 2.012779 -65.365710
 0.095000 1.703123 -58.488938
 0.100000 1.427801 -51.664146
 0.105000 1.186099 -45.067525
 0.110000 0.976514 -38.837097
 0.115000 0.796949 -33.073207
 0.120000 0.644894 -27.840857
 0.125000 0.517597 -23.173551
 0.130000 0.412205 -19.078071
 0.135000 0.325887 -15.539651
 0.140000 0.255931 -12.527264
 0.145000 0.199808 -9.998603
 0.150000 0.155221 -7.904452
 0.155000 0.120127 -6.192490
 0.160000 0.092746 -4.810288
 0.165000 0.071558 -3.707601
 0.170000 0.055282 -2.837912
 0.175000 0.042861 -2.159429
 0.180000 0.033431 -1.635543
 0.185000 0.024570 -1.107231
 0.190000 0.011634 -0.251282
 0.195000 0.010427 -0.218849
 0.200000 0.009338 -0.188422
 0.205000 0.008426 -0.165120
 0.210000 0.007635 -0.145732
 0.215000 0.006930 -0.128383
 0.220000 0.006310 -0.113634
 0.225000 0.005764 -0.101085
 0.230000 0.005275 -0.089901
 0.235000 0.004842 -0.080401
 0.240000 0.004453 -0.071980
 0.245000 0.004104 -0.064538
 0.250000 0.003792 -0.058155
 0.255000 0.003510 -0.052528
 0.260000 0.003255 -0.047521
 0.265000 0.003024 -0.043127
 0.270000 0.002815 -0.039305
 0.275000 0.002625 -0.035862
 0.280000 0.002451 -0.032808
 0.285000 0.002291 -0.030073
 0.290000 0.002144 -0.027613
 0.295000 0.002010 -0.025453
 0.300000 0.001885 -0.023507
 0.305000 0.001770 -0.021690
 0.310000 0.001664 -0.020107
 0.315000 0.001566 -0.018718
 0.320000 0.001475 -0.017387
 0.325000 0.001390 -0.016150
 0.330000 0.001311 -0.014982
 0.335000 0.001239 -0.013883
 0.340000 0.001171 -0.012805
 0.345000 0.001109 -0.011789
 0.350000 0.001052 -0.010826
 0.355000 0.001000 -0.009946
 0.360000 0.000952 -0.009073
 0.365000 0.000908 -0.008301
 0.370000 0.000868 -0.007592
 0.375000 0.000831 -0.006970
 0.380000 0.000798 -0.006451
 0.385000 0.000766 -0.006014
 0.390000 0.000737 -0.005656
 0.395000 0.000709 -0.005348
 0.400000 0.000683 -0.005127
 0.405000 0.000657 -0.004938
 0.410000 0.000632 -0.004842
 0.415000 0.000608 -0.004806
 0.420000 0.000584 -0.004776
 0.425000 0.000560 -0.004730
 0.430000 0.000536 -0.004703
 0.435000 0.000513 -0.004654
 0.440000 0.000489 -0.004567
 0.445000 0.000467 -0.004436
 0.450000 0.000445 -0.004271
 0.455000 0.000424 -0.004046
 0.460000 0.000405 -0.003783
 0.465000 0.000387 -0.003451
 0.470000 0.000370 -0.003104
 0.475000 0.000355 -0.002718
 0.480000 0.000343 -0.002307
 0.485000 0.000332 -0.001879
 0.490000 0.000324 -0.001438
 0.495000 0.000318 -0.000989
 0.500000 0.000314 -0.000528
 0.505000 0.000312 -0.000060
 0.510000 0.000313 0.000391
 0.515000 0.000316 0.000832
 0.520000 0.000322 0.001270
 0.525000 0.000329 0.001728
 0.530000 0.000339 0.002185
 0.535000 0.000351 0.002629
 0.540000 0.000366 0.003085
 0.545000 0.000382 0.003544
 0.550000 0.000401 0.004010
 0.555000 0.000422 0.004484
 0.560000 0.000446 0.004972
 0.565000 0.000472 0.005450
 0.570000 0.000500 0.005948
 0.575000 0.000531 0.006416
 0.580000 0.000564 0.006885
 0.585000 0.000600 0.007314
 0.590000 0.000638 0.007718
 0.595000 0.000678 0.008090
 0.600000 0.000719 0.008409
 0.605000 0.000762 0.008659
 0.610000 0.000805 0.008871
 0.615000 0.000850 0.008994
 0.620000 0.000895 0.009051
 0.625000 0.000941 0.009050
 0.630000 0.000986 0.008975
 0.635000 0.001031 0.008840
 0.640000 0.001074 0.008669
 0.645000 0.001117 0.008443
 0.650000 0.001159 0.008195
 0.655000 0.001199 0.007924
 0.660000 0.001238 0.007665
 0.665000 0.001276 0.007416
 0.670000 0.001313 0.007192
 0.675000 0.001348 0.006997
 0.680000 0.001383 0.006838
 0.685000 0.001417 0.006725
 0.690000 0.001450 0.006676
 0.695000 0.001484 0.006679
 0.700000 0.001517 0.006724
 0.705000 0.001552 0.006825
 0.710000 0.001586 0.006939
 0.715000 0.001622 0.007107
 0.720000 0.001658 0.007280
 0.725000 0.001695 0.007443
 0.730000 0.001733 0.007572
 0.735000 0.001771 0.007690
 0.740000 0.001810 0.007764
 0.745000 0.001850 0.007818
 0.750000 0.001889 0.007843
 0.755000 0.001929 0.007859
 0.760000 0.001969 0.007910
 0.765000 0.002009 0.007957
 0.770000 0.002051 0.008148
 0.775000 0.002093 0.008456
 0.780000 0.002138 0.008982
 0.785000 0.002187 0.009785
 0.790000 0.002240 0.010900
 0.795000 0.002302 0.012558
 0.800000 0.002374 0.014756
 0.805000 0.002458 0.017583
 0.810000 0.002561 0.021339
 0.815000 0.002713 0.028023
 0.820000 0.002867 0.033970
 0.825000 0.003055 0.041153
 0.830000 0.003281 0.049772
 0.835000 0.003555 0.059955
 0.840000 0.003883 0.071924
 0.845000 0.004277 0.085883
 0.850000 0.004746 0.102008
 0.855000 0.005301 0.120497
 0.860000 0.005955 0.141522
 0.865000 0.006720 0.165198
 0.870000 0.007611 0.191592
 0.875000 0.008641 0.220696
 0.880000 0.009822 0.252386
 0.885000 0.011168 0.286431
 0.890000 0.012690 0.322455
 0.895000 0.014395 0.359886
 0.900000 0.016289 0.397953
 0.905000 0.018374 0.435768
 0.910000 0.020644 0.472207
 0.915000 0.023091 0.506013
 0.920000 0.025698 0.535788
 0.925000 0.028440 0.560053
 0.930000 0.031287 0.577307
 0.935000 0.034199 0.586101
 0.940000 0.037131 0.585099
 0.945000 0.040031 0.573190
 0.950000 0.042843 0.549530
 0.955000 0.045506 0.513674
 0.960000 0.047959 0.465579
 0.965000 0.050141 0.405655
 0.970000 0.051997 0.334806
 0.975000 0.053473 0.254448
 0.980000 0.054528 0.166364
 0.985000 0.055128 0.072751
 0.990000 0.055250 -0.023920
 0.995000 0.054887 -0.121035
 1.000000 0.054044 -0.215888
