#! FIELDS cmap hh dhh_cmap
#! SET normalisation  99999.000000
#! SET min_cmap 0
#! SET max_cmap 1
#! SET nbins_cmap  200
#! SET periodic_cmap false
 0.000000 7.725242 20.871942
 0.005000 7.791612 5.611629
 0.010000 7.781097 -9.805825
 0.015000 7.694055 -24.923521
 0.020000 7.533100 -39.299530
 0.025000 7.302975 -52.528406
 0.030000 7.010316 -64.260214
 0.035000 6.663338 -74.215738
 0.040000 6.271454 -82.197038
 0.045000 5.844848 -88.092909
 0.050000 5.394046 -91.878961
 0.055000 4.929483 -93.612816
 0.060000 4.461124 -93.424923
 0.065000 3.998122 -91.506077
 0.070000 3.548556 -88.092596
 0.075000 3.119244 -83.450579
 0.080000 2.715631 -77.860051
 0.085000 2.341758 -71.600367
 0.090000 2.000299 -64.937444
 0.095000 1.692651 -58.113500
 0.100000 1.419078 -51.339494
 0.105000 1.178879 -44.790537
 0.110000 0.970567 -38.603901
 0.115000 0.792068 -32.879439
 0.120000 0.640893 -27.681949
 0.125000 0.514313 -23.044921
 0.130000 0.409497 -18.975302
 0.135000 0.323637 -15.458641
 0.140000 0.254039 -12.464285
 0.145000 0.198193 -9.950328
 0.150000 0.153817 -7.867999
 0.155000 0.118880 -6.165406
 0.160000 0.091617 -4.790519
 0.165000 0.070512 -3.693440
 0.170000 0.054296 -2.827970
 0.175000 0.041916 -2.152581
 0.180000 0.032515 -1.630886
 0.185000 0.023707 -1.106553
 0.190000 0.010822 -0.254183
 0.195000 0.009603 -0.220714
 0.200000 0.008504 -0.188990
 0.205000 0.007586 -0.164492
 0.210000 0.006800 -0.144360
 0.215000 0.006103 -0.126283
 0.220000 0.005493 -0.110618
 0.225000 0.004964 -0.097462
 0.230000 0.004494 -0.085735
 0.235000 0.004084 -0.075739
 0.240000 0.003720 -0.067022
 0.245000 0.003396 -0.059345
 0.250000 0.003111 -0.052788
 0.255000 0.002856 -0.047117
 0.260000 0.002628 -0.042164
 0.265000 0.002424 -0.037888
 0.270000 0.002240 -0.034181
 0.275000 0.002073 -0.030926
 0.280000 0.001923 -0.028113
 0.285000 0.001787 -0.025634
 0.290000 0.001662 -0.023333
 0.295000 0.001549 -0.021282
 0.300000 0.001446 -0.019336
 0.305000 0.001352 -0.017495
 0.310000 0.001267 -0.015808
 0.315000 0.001192 -0.014203
 0.320000 0.001124 -0.012639
 0.325000 0.001063 -0.011122
 0.330000 0.001010 -0.009683
 0.335000 0.000965 -0.008335
 0.340000 0.000926 -0.007078
 0.345000 0.000892 -0.005907
 0.350000 0.000865 -0.004909
 0.355000 0.000842 -0.004040
 0.360000 0.000823 -0.003309
 0.365000 0.000808 -0.002780
 0.370000 0.000795 -0.002408
 0.375000 0.000783 -0.002162
 0.380000 0.000772 -0.002090
 0.385000 0.000762 -0.002163
 0.390000 0.000750 -0.002333
 0.395000 0.000738 -0.002595
 0.400000 0.000724 -0.002939
 0.405000 0.000708 -0.003318
 0.410000 0.000690 -0.003706
 0.415000 0.000671 -0.004072
 0.420000 0.000649 -0.004401
 0.425000 0.000626 -0.004667
 0.430000 0.000602 -0.004873
 0.435000 0.000577 -0.004984
 0.440000 0.000552 -0.005038
 0.445000 0.000527 -0.005005
 0.450000 0.000502 -0.004874
 0.455000 0.000479 -0.004656
 0.460000 0.000456 -0.004403
 0.465000 0.000434 -0.004089
 0.470000 0.000415 -0.003720
 0.475000 0.000397 -0.003331
 0.480000 0.000381 -0.002926
 0.485000 0.000368 -0.002513
 0.490000 0.000356 -0.002096
 0.495000 0.000347 -0.001668
 0.500000 0.000340 -0.001269
 0.505000 0.000334 -0.000872
 0.510000 0.000331 -0.000491
 0.515000 0.000330 -0.000093
 0.520000 0.000330 0.000286
 0.525000 0.000333 0.000666
 0.530000 0.000337 0.001043
 0.535000 0.000344 0.001442
 0.540000 0.000352 0.001844
 0.545000 0.000362 0.002281
 0.550000 0.000375 0.002738
 0.555000 0.000390 0.003243
 0.560000 0.000407 0.003762
 0.565000 0.000428 0.004335
 0.570000 0.000451 0.004928
 0.575000 0.000477 0.005559
 0.580000 0.000507 0.006225
 0.585000 0.000539 0.006939
 0.590000 0.000576 0.007650
 0.595000 0.000616 0.008374
 0.600000 0.000660 0.009135
 0.605000 0.000707 0.009861
 0.610000 0.000759 0.010596
 0.615000 0.000814 0.011312
 0.620000 0.000872 0.012001
 0.625000 0.000934 0.012663
 0.630000 0.000999 0.013274
 0.635000 0.001067 0.013817
 0.640000 0.001138 0.014307
 0.645000 0.001211 0.014749
 0.650000 0.001285 0.015126
 0.655000 0.001362 0.015439
 0.660000 0.001440 0.015703
 0.665000 0.001520 0.015932
 0.670000 0.001600 0.016116
 0.675000 0.001681 0.016281
 0.680000 0.001763 0.016401
 0.685000 0.001846 0.016510
 0.690000 0.001929 0.016622
 0.695000 0.002012 0.016754
 0.700000 0.002096 0.016896
 0.705000 0.002182 0.017089
 0.710000 0.002268 0.017330
 0.715000 0.002356 0.017643
 0.720000 0.002446 0.018059
 0.725000 0.002538 0.018511
 0.730000 0.002633 0.019058
 0.735000 0.002730 0.019658
 0.740000 0.002830 0.020342
 0.745000 0.002935 0.021125
 0.750000 0.003043 0.021994
 0.755000 0.003158 0.023012
 0.760000 0.003277 0.024116
 0.765000 0.003402 0.025374
 0.770000 0.003535 0.026870
 0.775000 0.003675 0.028495
 0.780000 0.003825 0.030481
 0.785000 0.003987 0.032835
 0.790000 0.004163 0.035678
 0.795000 0.004359 0.039463
 0.800000 0.004573 0.043823
 0.805000 0.004811 0.049104
 0.810000 0.005087 0.056060
 0.815000 0.005451 0.068298
 0.820000 0.005818 0.078990
 0.825000 0.006244 0.091915
 0.830000 0.006742 0.107480
 0.835000 0.007324 0.126111
 0.840000 0.008008 0.148209
 0.845000 0.008813 0.174237
 0.850000 0.009758 0.204639
 0.855000 0.010867 0.239798
 0.860000 0.012164 0.280087
 0.865000 0.013676 0.325727
 0.870000 0.015431 0.376867
 0.875000 0.017454 0.433442
 0.880000 0.019773 0.495223
 0.885000 0.022413 0.561617
 0.890000 0.025395 0.631826
 0.895000 0.028736 0.704681
 0.900000 0.032444 0.778688
 0.905000 0.036521 0.851940
 0.910000 0.040958 0.922257
 0.915000 0.045735 0.987099
 0.920000 0.050815 1.043765
 0.925000 0.056153 1.089330
 0.930000 0.061685 1.120926
 0.935000 0.067334 1.135754
 0.940000 0.073010 1.131308
 0.945000 0.078611 1.105526
 0.950000 0.084027 1.056886
 0.955000 0.089141 0.984587
 0.960000 0.093833 0.888698
 0.965000 0.097989 0.770167
 0.970000 0.101500 0.630802
 0.975000 0.104267 0.473430
 0.980000 0.106209 0.301609
 0.985000 0.107265 0.119617
 0.990000 0.107396 -0.067743
 0.995000 0.106586 -0.255385
 1.000000 0.104849 -0.438155
