#! FIELDS cmap hh dhh_cmap
#! SET normalisation  99999.000000
#! SET min_cmap 0
#! SET max_cmap 1
#! SET nbins_cmap  200
#! SET periodic_cmap false
 0.000000 7.733696 20.960687
 0.005000 7.800470 5.684406
 0.010000 7.790274 -9.751175
 0.015000 7.703457 -24.888588
 0.020000 7.542625 -39.285293
 0.025000 7.312518 -52.535220
 0.030000 7.019773 -64.287734
 0.035000 6.672608 -74.262973
 0.040000 6.280441 -82.262459
 0.045000 5.853468 -88.174458
 0.050000 5.402222 -91.974189
 0.055000 4.937155 -93.718998
 0.060000 4.468243 -93.539172
 0.065000 4.004656 -91.625462
 0.070000 3.554487 -88.214282
 0.075000 3.124566 -83.571885
 0.080000 2.720353 -77.978570
 0.085000 2.345899 -71.714006
 0.090000 2.003886 -65.044478
 0.095000 1.695723 -58.212583
 0.100000 1.421677 -51.429678
 0.105000 1.181050 -44.871219
 0.110000 0.972360 -38.674833
 0.115000 0.793529 -32.940692
 0.120000 0.642072 -27.733831
 0.125000 0.515255 -23.087965
 0.130000 0.410245 -19.010176
 0.135000 0.324229 -15.486141
 0.140000 0.254511 -12.485269
 0.145000 0.198574 -9.965668
 0.150000 0.154133 -7.878576
 0.155000 0.119154 -6.172055
 0.160000 0.091865 -4.794023
 0.165000 0.070750 -3.694507
 0.170000 0.054533 -2.827220
 0.175000 0.042160 -2.150564
 0.180000 0.032771 -1.628045
 0.185000 0.024001 -1.104865
 0.190000 0.011093 -0.249551
 0.195000 0.009893 -0.216266
 0.200000 0.008813 -0.185058
 0.205000 0.007915 -0.161340
 0.210000 0.007143 -0.141935
 0.215000 0.006456 -0.124410
 0.220000 0.005857 -0.109677
 0.225000 0.005329 -0.096932
 0.230000 0.004861 -0.085744
 0.235000 0.004449 -0.076279
 0.240000 0.004079 -0.067845
 0.245000 0.003750 -0.060518
 0.250000 0.003458 -0.054359
 0.255000 0.003194 -0.048915
 0.260000 0.002958 -0.044266
 0.265000 0.002742 -0.040074
 0.270000 0.002546 -0.036404
 0.275000 0.002369 -0.033265
 0.280000 0.002207 -0.030540
 0.285000 0.002059 -0.028095
 0.290000 0.001922 -0.025845
 0.295000 0.001796 -0.023828
 0.300000 0.001681 -0.022041
 0.305000 0.001573 -0.020361
 0.310000 0.001474 -0.018803
 0.315000 0.001382 -0.017375
 0.320000 0.001298 -0.016107
 0.325000 0.001219 -0.014848
 0.330000 0.001147 -0.013749
 0.335000 0.001080 -0.012660
 0.340000 0.001018 -0.011680
 0.345000 0.000961 -0.010748
 0.350000 0.000910 -0.009938
 0.355000 0.000861 -0.009139
 0.360000 0.000817 -0.008400
 0.365000 0.000776 -0.007686
 0.370000 0.000739 -0.007027
 0.375000 0.000705 -0.006412
 0.380000 0.000674 -0.005847
 0.385000 0.000646 -0.005306
 0.390000 0.000621 -0.004799
 0.395000 0.000598 -0.004293
 0.400000 0.000577 -0.003814
 0.405000 0.000559 -0.003389
 0.410000 0.000543 -0.002994
 0.415000 0.000529 -0.002626
 0.420000 0.000516 -0.002310
 0.425000 0.000505 -0.002031
 0.430000 0.000496 -0.001805
 0.435000 0.000487 -0.001635
 0.440000 0.000479 -0.001529
 0.445000 0.000471 -0.001491
 0.450000 0.000464 -0.001495
 0.455000 0.000456 -0.001548
 0.460000 0.000448 -0.001671
 0.465000 0.000439 -0.001843
 0.470000 0.000429 -0.002037
 0.475000 0.000418 -0.002260
 0.480000 0.000407 -0.002507
 0.485000 0.000394 -0.002744
 0.490000 0.000380 -0.002961
 0.495000 0.000364 -0.003137
 0.500000 0.000348 -0.003290
 0.505000 0.000331 -0.003384
 0.510000 0.000314 -0.003395
 0.515000 0.000297 -0.003337
 0.520000 0.000281 -0.003182
 0.525000 0.000266 -0.002938
 0.530000 0.000252 -0.002590
 0.535000 0.000240 -0.002143
 0.540000 0.000231 -0.001610
 0.545000 0.000224 -0.000975
 0.550000 0.000221 -0.000269
 0.555000 0.000221 0.000503
 0.560000 0.000226 0.001357
 0.565000 0.000235 0.002235
 0.570000 0.000249 0.003146
 0.575000 0.000267 0.004063
 0.580000 0.000289 0.004970
 0.585000 0.000316 0.005847
 0.590000 0.000348 0.006680
 0.595000 0.000383 0.007450
 0.600000 0.000422 0.008142
 0.605000 0.000465 0.008728
 0.610000 0.000509 0.009193
 0.615000 0.000556 0.009528
 0.620000 0.000605 0.009729
 0.625000 0.000654 0.009823
 0.630000 0.000703 0.009762
 0.635000 0.000752 0.009590
 0.640000 0.000799 0.009305
 0.645000 0.000845 0.008927
 0.650000 0.000889 0.008503
 0.655000 0.000930 0.008005
 0.660000 0.000969 0.007503
 0.665000 0.001005 0.007014
 0.670000 0.001039 0.006585
 0.675000 0.001072 0.006249
 0.680000 0.001102 0.006032
 0.685000 0.001132 0.005954
 0.690000 0.001163 0.006036
 0.695000 0.001194 0.006325
 0.700000 0.001227 0.006794
 0.705000 0.001263 0.007484
 0.710000 0.001302 0.008366
 0.715000 0.001347 0.009433
 0.720000 0.001398 0.010700
 0.725000 0.001455 0.012136
 0.730000 0.001520 0.013689
 0.735000 0.001593 0.015330
 0.740000 0.001674 0.017062
 0.745000 0.001765 0.018867
 0.750000 0.001865 0.020713
 0.755000 0.001975 0.022593
 0.760000 0.002094 0.024502
 0.765000 0.002223 0.026425
 0.770000 0.002362 0.028321
 0.775000 0.002510 0.030280
 0.780000 0.002668 0.032316
 0.785000 0.002839 0.034569
 0.790000 0.003021 0.037057
 0.795000 0.003225 0.040467
 0.800000 0.003442 0.044141
 0.805000 0.003680 0.048591
 0.810000 0.003949 0.054474
 0.815000 0.004299 0.065210
 0.820000 0.004647 0.074404
 0.825000 0.005046 0.085663
 0.830000 0.005508 0.099373
 0.835000 0.006045 0.115964
 0.840000 0.006673 0.135881
 0.845000 0.007410 0.159584
 0.850000 0.008275 0.187518
 0.855000 0.009292 0.220093
 0.860000 0.010484 0.257663
 0.865000 0.011877 0.300503
 0.870000 0.013498 0.348768
 0.875000 0.015374 0.402444
 0.880000 0.017531 0.461274
 0.885000 0.019994 0.524788
 0.890000 0.022785 0.592184
 0.895000 0.025921 0.662372
 0.900000 0.029411 0.733877
 0.905000 0.033259 0.804909
 0.910000 0.037456 0.873337
 0.915000 0.041984 0.936745
 0.920000 0.046810 0.992464
 0.925000 0.051891 1.037735
 0.930000 0.057165 1.069718
 0.935000 0.062561 1.085744
 0.940000 0.067992 1.083355
 0.945000 0.073361 1.060533
 0.950000 0.078561 1.015805
 0.955000 0.083481 0.948396
 0.960000 0.088007 0.858307
 0.965000 0.092027 0.746427
 0.970000 0.095437 0.614497
 0.975000 0.098143 0.465143
 0.980000 0.100065 0.301814
 0.985000 0.101144 0.128588
 0.990000 0.101341 -0.049920
 0.995000 0.100643 -0.228898
 1.000000 0.099059 -0.403340
