#! FIELDS cmap hh dhh_cmap
#! SET normalisation  99999.000000
#! SET min_cmap 0
#! SET max_cmap 1
#! SET nbins_cmap  200
#! SET periodic_cmap false
 0.000000 7.754936 20.918250
 0.005000 7.821378 5.593960
 0.010000 7.810614 -9.887498
 0.015000 7.723007 -25.067187
 0.020000 7.561187 -39.501287
 0.025000 7.329919 -52.782642
 0.030000 7.035872 -64.559797
 0.035000 6.687300 -74.552438
 0.040000 6.293658 -82.561867
 0.045000 5.865178 -88.476487
 0.050000 5.412430 -92.271930
 0.055000 4.945898 -94.006219
 0.060000 4.475588 -93.810494
 0.065000 4.010693 -91.876529
 0.070000 3.559326 -88.441807
 0.075000 3.128331 -83.773686
 0.080000 2.723176 -78.153534
 0.085000 2.347914 -71.862014
 0.090000 2.005228 -65.166274
 0.095000 1.696519 -58.309620
 0.100000 1.422045 -51.503990
 0.105000 1.181098 -44.925272
 0.110000 0.972183 -38.711297
 0.115000 0.793209 -32.962344
 0.120000 0.641674 -27.743437
 0.125000 0.514834 -23.088149
 0.130000 0.409841 -19.003379
 0.135000 0.323872 -15.474520
 0.140000 0.254220 -12.470692
 0.145000 0.198360 -9.949701
 0.150000 0.154000 -7.862465
 0.155000 0.119100 -6.156759
 0.160000 0.091884 -4.780231
 0.165000 0.070833 -3.682674
 0.170000 0.054670 -2.817606
 0.175000 0.042339 -2.143237
 0.180000 0.032981 -1.622977
 0.185000 0.024210 -1.100353
 0.190000 0.011309 -0.246666
 0.195000 0.010121 -0.215771
 0.200000 0.009035 -0.185824
 0.205000 0.008129 -0.163458
 0.210000 0.007346 -0.145096
 0.215000 0.006644 -0.128354
 0.220000 0.006028 -0.114007
 0.225000 0.005479 -0.101301
 0.230000 0.004990 -0.089966
 0.235000 0.004557 -0.080067
 0.240000 0.004169 -0.071256
 0.245000 0.003824 -0.063538
 0.250000 0.003518 -0.056981
 0.255000 0.003242 -0.051196
 0.260000 0.002995 -0.046213
 0.265000 0.002772 -0.041902
 0.270000 0.002569 -0.038214
 0.275000 0.002383 -0.035004
 0.280000 0.002212 -0.032229
 0.285000 0.002055 -0.029876
 0.290000 0.001909 -0.027863
 0.295000 0.001772 -0.026105
 0.300000 0.001644 -0.024577
 0.305000 0.001523 -0.023176
 0.310000 0.001409 -0.021938
 0.315000 0.001301 -0.020728
 0.320000 0.001199 -0.019559
 0.325000 0.001103 -0.018474
 0.330000 0.001012 -0.017383
 0.335000 0.000928 -0.016331
 0.340000 0.000848 -0.015193
 0.345000 0.000774 -0.014080
 0.350000 0.000706 -0.012954
 0.355000 0.000643 -0.011849
 0.360000 0.000586 -0.010746
 0.365000 0.000535 -0.009693
 0.370000 0.000489 -0.008649
 0.375000 0.000447 -0.007652
 0.380000 0.000411 -0.006696
 0.385000 0.000380 -0.005793
 0.390000 0.000353 -0.004938
 0.395000 0.000330 -0.004093
 0.400000 0.000311 -0.003328
 0.405000 0.000296 -0.002640
 0.410000 0.000284 -0.002000
 0.415000 0.000276 -0.001404
 0.420000 0.000270 -0.000872
 0.425000 0.000267 -0.000361
 0.430000 0.000266 0.000084
 0.435000 0.000267 0.000500
 0.440000 0.000271 0.000884
 0.445000 0.000276 0.001234
 0.450000 0.000283 0.001566
 0.455000 0.000292 0.001870
 0.460000 0.000302 0.002164
 0.465000 0.000313 0.002417
 0.470000 0.000325 0.002634
 0.475000 0.000339 0.002858
 0.480000 0.000354 0.003064
 0.485000 0.000370 0.003246
 0.490000 0.000386 0.003420
 0.495000 0.000404 0.003580
 0.500000 0.000422 0.003734
 0.505000 0.000441 0.003892
 0.510000 0.000461 0.004044
 0.515000 0.000482 0.004189
 0.520000 0.000503 0.004331
 0.525000 0.000526 0.004483
 0.530000 0.000549 0.004656
 0.535000 0.000572 0.004839
 0.540000 0.000597 0.005059
 0.545000 0.000623 0.005285
 0.550000 0.000650 0.005548
 0.555000 0.000679 0.005868
 0.560000 0.000709 0.006220
 0.565000 0.000742 0.006611
 0.570000 0.000776 0.007049
 0.575000 0.000812 0.007532
 0.580000 0.000851 0.008047
 0.585000 0.000893 0.008591
 0.590000 0.000938 0.009177
 0.595000 0.000985 0.009795
 0.600000 0.001036 0.010419
 0.605000 0.001090 0.011052
 0.610000 0.001146 0.011677
 0.615000 0.001206 0.012295
 0.620000 0.001269 0.012885
 0.625000 0.001335 0.013454
 0.630000 0.001404 0.013963
 0.635000 0.001475 0.014433
 0.640000 0.001548 0.014840
 0.645000 0.001624 0.015168
 0.650000 0.001700 0.015434
 0.655000 0.001778 0.015595
 0.660000 0.001856 0.015658
 0.665000 0.001934 0.015604
 0.670000 0.002012 0.015450
 0.675000 0.002089 0.015190
 0.680000 0.002164 0.014798
 0.685000 0.002237 0.014298
 0.690000 0.002308 0.013693
 0.695000 0.002375 0.012988
 0.700000 0.002438 0.012183
 0.705000 0.002497 0.011298
 0.710000 0.002551 0.010336
 0.715000 0.002601 0.009318
 0.720000 0.002645 0.008287
 0.725000 0.002684 0.007261
 0.730000 0.002718 0.006309
 0.735000 0.002748 0.005434
 0.740000 0.002774 0.004704
 0.745000 0.002796 0.004103
 0.750000 0.002816 0.003765
 0.755000 0.002836 0.003676
 0.760000 0.002856 0.003945
 0.765000 0.002878 0.004538
 0.770000 0.002904 0.005543
 0.775000 0.002937 0.006965
 0.780000 0.002978 0.008838
 0.785000 0.003031 0.011268
 0.790000 0.003097 0.014225
 0.795000 0.003184 0.018093
 0.800000 0.003292 0.022589
 0.805000 0.003421 0.027741
 0.810000 0.003585 0.034159
 0.815000 0.003824 0.044671
 0.820000 0.004070 0.053776
 0.825000 0.004365 0.064443
 0.830000 0.004717 0.076910
 0.835000 0.005137 0.091480
 0.840000 0.005636 0.108487
 0.845000 0.006226 0.128276
 0.850000 0.006923 0.151187
 0.855000 0.007744 0.177573
 0.860000 0.008706 0.207765
 0.865000 0.009828 0.242035
 0.870000 0.011132 0.280539
 0.875000 0.012640 0.323296
 0.880000 0.014372 0.370183
 0.885000 0.016348 0.420864
 0.890000 0.018586 0.474779
 0.895000 0.021099 0.531077
 0.900000 0.023898 0.588612
 0.905000 0.026985 0.645973
 0.910000 0.030355 0.701434
 0.915000 0.033993 0.753070
 0.920000 0.037875 0.798737
 0.925000 0.041966 0.836147
 0.930000 0.046218 0.862990
 0.935000 0.050574 0.877058
 0.940000 0.054964 0.876335
 0.945000 0.059309 0.859124
 0.950000 0.063525 0.824179
 0.955000 0.067520 0.770838
 0.960000 0.071202 0.699048
 0.965000 0.074480 0.609445
 0.970000 0.077269 0.503440
 0.975000 0.079491 0.383124
 0.980000 0.081081 0.251263
 0.985000 0.081989 0.111138
 0.990000 0.082184 -0.033521
 0.995000 0.081653 -0.178770
 1.000000 0.080402 -0.320557
