#! FIELDS cmap hh dhh_cmap
#! SET normalisation  99999.000000
#! SET min_cmap 0
#! SET max_cmap 1
#! SET nbins_cmap  200
#! SET periodic_cmap false
 0.000000 7.789547 21.125839
 0.005000 7.856874 5.739886
 0.010000 7.846678 -9.806752
 0.015000 7.759308 -25.053356
 0.020000 7.597389 -39.554191
 0.025000 7.365694 -52.900221
 0.030000 7.070905 -64.738315
 0.035000 6.721299 -74.786583
 0.040000 6.326361 -82.845077
 0.045000 5.896357 -88.801260
 0.050000 5.441898 -92.630165
 0.055000 4.973509 -94.389519
 0.060000 4.501237 -94.210556
 0.065000 4.034317 -92.285362
 0.070000 3.580899 -88.852038
 0.075000 3.147864 -84.178696
 0.080000 2.740708 -78.547630
 0.085000 2.363514 -72.240485
 0.090000 2.018982 -65.525400
 0.095000 1.708531 -58.646646
 0.100000 1.432432 -51.817042
 0.105000 1.189982 -45.213263
 0.110000 0.979690 -38.973854
 0.115000 0.799466 -33.199641
 0.120000 0.646807 -27.956097
 0.125000 0.518963 -23.277142
 0.130000 0.413082 -19.169924
 0.135000 0.326334 -15.619990
 0.140000 0.256004 -12.596561
 0.145000 0.199560 -10.057489
 0.150000 0.154703 -7.953698
 0.155000 0.119385 -6.232949
 0.160000 0.091823 -4.842856
 0.165000 0.070490 -3.733159
 0.170000 0.054102 -2.857338
 0.175000 0.041596 -2.173552
 0.180000 0.032107 -1.645139
 0.185000 0.023256 -1.116534
 0.190000 0.010228 -0.252273
 0.195000 0.009022 -0.217717
 0.200000 0.007939 -0.185192
 0.205000 0.007043 -0.160470
 0.210000 0.006278 -0.140244
 0.215000 0.005602 -0.122334
 0.220000 0.005013 -0.107244
 0.225000 0.004499 -0.094452
 0.230000 0.004041 -0.083248
 0.235000 0.003641 -0.074015
 0.240000 0.003284 -0.065975
 0.245000 0.002962 -0.058860
 0.250000 0.002677 -0.052951
 0.255000 0.002419 -0.047714
 0.260000 0.002187 -0.043179
 0.265000 0.001977 -0.039113
 0.270000 0.001788 -0.035469
 0.275000 0.001615 -0.032111
 0.280000 0.001460 -0.029039
 0.285000 0.001319 -0.026135
 0.290000 0.001193 -0.023512
 0.295000 0.001080 -0.020945
 0.300000 0.000980 -0.018503
 0.305000 0.000891 -0.016207
 0.310000 0.000814 -0.014116
 0.315000 0.000748 -0.012146
 0.320000 0.000691 -0.010323
 0.325000 0.000643 -0.008649
 0.330000 0.000602 -0.007138
 0.335000 0.000570 -0.005841
 0.340000 0.000543 -0.004723
 0.345000 0.000521 -0.003754
 0.350000 0.000504 -0.003007
 0.355000 0.000490 -0.002403
 0.360000 0.000479 -0.001994
 0.365000 0.000469 -0.001720
 0.370000 0.000461 -0.001578
 0.375000 0.000453 -0.001511
 0.380000 0.000445 -0.001563
 0.385000 0.000437 -0.001679
 0.390000 0.000428 -0.001804
 0.395000 0.000418 -0.001950
 0.400000 0.000408 -0.002102
 0.405000 0.000397 -0.002226
 0.410000 0.000386 -0.002314
 0.415000 0.000374 -0.002339
 0.420000 0.000362 -0.002313
 0.425000 0.000351 -0.002229
 0.430000 0.000340 -0.002082
 0.435000 0.000329 -0.001889
 0.440000 0.000320 -0.001641
 0.445000 0.000313 -0.001360
 0.450000 0.000307 -0.001057
 0.455000 0.000302 -0.000730
 0.460000 0.000299 -0.000391
 0.465000 0.000298 -0.000042
 0.470000 0.000299 0.000297
 0.475000 0.000301 0.000634
 0.480000 0.000306 0.000959
 0.485000 0.000311 0.001265
 0.490000 0.000318 0.001564
 0.495000 0.000327 0.001842
 0.500000 0.000337 0.002116
 0.505000 0.000348 0.002378
 0.510000 0.000360 0.002633
 0.515000 0.000374 0.002897
 0.520000 0.000389 0.003145
 0.525000 0.000406 0.003392
 0.530000 0.000423 0.003628
 0.535000 0.000442 0.003843
 0.540000 0.000462 0.004029
 0.545000 0.000482 0.004191
 0.550000 0.000504 0.004320
 0.555000 0.000526 0.004402
 0.560000 0.000548 0.004449
 0.565000 0.000570 0.004450
 0.570000 0.000592 0.004386
 0.575000 0.000614 0.004280
 0.580000 0.000635 0.004135
 0.585000 0.000656 0.003985
 0.590000 0.000675 0.003807
 0.595000 0.000694 0.003638
 0.600000 0.000712 0.003506
 0.605000 0.000729 0.003400
 0.610000 0.000746 0.003351
 0.615000 0.000763 0.003379
 0.620000 0.000780 0.003485
 0.625000 0.000798 0.003682
 0.630000 0.000817 0.003979
 0.635000 0.000838 0.004372
 0.640000 0.000861 0.004863
 0.645000 0.000887 0.005421
 0.650000 0.000916 0.006052
 0.655000 0.000948 0.006731
 0.660000 0.000983 0.007438
 0.665000 0.001022 0.008139
 0.670000 0.001065 0.008840
 0.675000 0.001110 0.009479
 0.680000 0.001159 0.010048
 0.685000 0.001211 0.010531
 0.690000 0.001264 0.010891
 0.695000 0.001320 0.011139
 0.700000 0.001376 0.011254
 0.705000 0.001432 0.011191
 0.710000 0.001488 0.010978
 0.715000 0.001542 0.010609
 0.720000 0.001594 0.010085
 0.725000 0.001643 0.009452
 0.730000 0.001689 0.008697
 0.735000 0.001731 0.007870
 0.740000 0.001768 0.006983
 0.745000 0.001801 0.006091
 0.750000 0.001830 0.005195
 0.755000 0.001855 0.004415
 0.760000 0.001875 0.003720
 0.765000 0.001894 0.003240
 0.770000 0.001910 0.002995
 0.775000 0.001926 0.002976
 0.780000 0.001942 0.003307
 0.785000 0.001962 0.004024
 0.790000 0.001987 0.005213
 0.795000 0.002022 0.007073
 0.800000 0.002067 0.009483
 0.805000 0.002125 0.012514
 0.810000 0.002202 0.016492
 0.815000 0.002326 0.023094
 0.820000 0.002456 0.029168
 0.825000 0.002619 0.036426
 0.830000 0.002822 0.045027
 0.835000 0.003072 0.055116
 0.840000 0.003376 0.066887
 0.845000 0.003744 0.080511
 0.850000 0.004185 0.096154
 0.855000 0.004709 0.113995
 0.860000 0.005328 0.134174
 0.865000 0.006055 0.156798
 0.870000 0.006900 0.181889
 0.875000 0.007878 0.209418
 0.880000 0.008998 0.239263
 0.885000 0.010273 0.271128
 0.890000 0.011712 0.304640
 0.895000 0.013321 0.339227
 0.900000 0.015105 0.374187
 0.905000 0.017062 0.408616
 0.910000 0.019188 0.441489
 0.915000 0.021472 0.471627
 0.920000 0.023897 0.497726
 0.925000 0.026440 0.518460
 0.930000 0.029070 0.532469
 0.935000 0.031751 0.538464
 0.940000 0.034440 0.535286
 0.945000 0.037087 0.522004
 0.950000 0.039641 0.497941
 0.955000 0.042047 0.462750
 0.960000 0.044250 0.416496
 0.965000 0.046194 0.359678
 0.970000 0.047830 0.293166
 0.975000 0.049112 0.218324
 0.980000 0.050002 0.136874
 0.985000 0.050473 0.050827
 0.990000 0.050507 -0.037539
 0.995000 0.050098 -0.125817
 1.000000 0.049252 -0.211592
