#! FIELDS cmap hh dhh_cmap
#! SET normalisation  99999.000000
#! SET min_cmap 0
#! SET max_cmap 1
#! SET nbins_cmap  200
#! SET periodic_cmap false
 0.000000 7.780555 20.962386
 0.005000 7.847101 5.591467
 0.010000 7.836208 -9.936068
 0.015000 7.748247 -25.160043
 0.020000 7.585858 -39.635487
 0.025000 7.353824 -52.954236
 0.030000 7.058835 -64.764088
 0.035000 6.709171 -74.784087
 0.040000 6.314314 -82.815194
 0.045000 5.884525 -88.745721
 0.050000 5.430403 -92.551439
 0.055000 4.962459 -94.290645
 0.060000 4.490725 -94.094957
 0.065000 4.024417 -92.156698
 0.070000 3.571667 -88.714012
 0.075000 3.139338 -84.034921
 0.080000 2.732909 -78.401490
 0.085000 2.356445 -72.095011
 0.090000 2.012633 -65.383205
 0.095000 1.702880 -58.509920
 0.100000 1.427447 -51.687491
 0.105000 1.185625 -45.092132
 0.110000 0.975915 -38.861946
 0.115000 0.796227 -33.097397
 0.120000 0.644055 -27.863610
 0.125000 0.516649 -23.194255
 0.130000 0.411160 -19.096229
 0.135000 0.324758 -15.554955
 0.140000 0.254733 -12.539537
 0.145000 0.198557 -10.007772
 0.150000 0.153931 -7.910537
 0.155000 0.118814 -6.195609
 0.160000 0.091425 -4.810629
 0.165000 0.070242 -3.705376
 0.170000 0.053983 -2.833358
 0.175000 0.041590 -2.152805
 0.180000 0.032197 -1.627108
 0.185000 0.023392 -1.097929
 0.190000 0.010507 -0.240464
 0.195000 0.009358 -0.206868
 0.200000 0.008328 -0.175130
 0.205000 0.007481 -0.150984
 0.210000 0.006762 -0.131306
 0.215000 0.006131 -0.113837
 0.220000 0.005584 -0.099017
 0.225000 0.005108 -0.086347
 0.230000 0.004693 -0.075579
 0.235000 0.004331 -0.066479
 0.240000 0.004010 -0.058505
 0.245000 0.003725 -0.051679
 0.250000 0.003476 -0.046070
 0.255000 0.003253 -0.041201
 0.260000 0.003052 -0.036985
 0.265000 0.002873 -0.033493
 0.270000 0.002709 -0.030446
 0.275000 0.002561 -0.027840
 0.280000 0.002424 -0.025591
 0.285000 0.002298 -0.023597
 0.290000 0.002183 -0.021986
 0.295000 0.002075 -0.020609
 0.300000 0.001973 -0.019409
 0.305000 0.001878 -0.018444
 0.310000 0.001786 -0.017566
 0.315000 0.001699 -0.016865
 0.320000 0.001615 -0.016298
 0.325000 0.001534 -0.015789
 0.330000 0.001455 -0.015348
 0.335000 0.001379 -0.014954
 0.340000 0.001304 -0.014592
 0.345000 0.001232 -0.014252
 0.350000 0.001161 -0.013897
 0.355000 0.001092 -0.013535
 0.360000 0.001025 -0.013126
 0.365000 0.000960 -0.012692
 0.370000 0.000898 -0.012208
 0.375000 0.000838 -0.011666
 0.380000 0.000780 -0.011081
 0.385000 0.000726 -0.010478
 0.390000 0.000675 -0.009835
 0.395000 0.000628 -0.009181
 0.400000 0.000583 -0.008502
 0.405000 0.000542 -0.007815
 0.410000 0.000504 -0.007139
 0.415000 0.000470 -0.006508
 0.420000 0.000439 -0.005916
 0.425000 0.000410 -0.005361
 0.430000 0.000385 -0.004841
 0.435000 0.000362 -0.004377
 0.440000 0.000341 -0.003955
 0.445000 0.000322 -0.003595
 0.450000 0.000305 -0.003274
 0.455000 0.000289 -0.002984
 0.460000 0.000274 -0.002754
 0.465000 0.000261 -0.002539
 0.470000 0.000249 -0.002336
 0.475000 0.000238 -0.002127
 0.480000 0.000228 -0.001933
 0.485000 0.000219 -0.001702
 0.490000 0.000211 -0.001465
 0.495000 0.000204 -0.001173
 0.500000 0.000199 -0.000853
 0.505000 0.000195 -0.000504
 0.510000 0.000194 -0.000103
 0.515000 0.000194 0.000346
 0.520000 0.000197 0.000822
 0.525000 0.000203 0.001331
 0.530000 0.000211 0.001889
 0.535000 0.000222 0.002454
 0.540000 0.000236 0.003035
 0.545000 0.000252 0.003619
 0.550000 0.000272 0.004229
 0.555000 0.000295 0.004838
 0.560000 0.000320 0.005431
 0.565000 0.000349 0.006036
 0.570000 0.000381 0.006630
 0.575000 0.000415 0.007226
 0.580000 0.000453 0.007833
 0.585000 0.000494 0.008463
 0.590000 0.000538 0.009085
 0.595000 0.000585 0.009714
 0.600000 0.000635 0.010363
 0.605000 0.000689 0.011018
 0.610000 0.000746 0.011679
 0.615000 0.000806 0.012363
 0.620000 0.000869 0.013028
 0.625000 0.000936 0.013675
 0.630000 0.001006 0.014287
 0.635000 0.001079 0.014848
 0.640000 0.001155 0.015338
 0.645000 0.001233 0.015737
 0.650000 0.001312 0.016042
 0.655000 0.001393 0.016194
 0.660000 0.001474 0.016226
 0.665000 0.001555 0.016104
 0.670000 0.001635 0.015816
 0.675000 0.001714 0.015394
 0.680000 0.001789 0.014792
 0.685000 0.001861 0.014062
 0.690000 0.001930 0.013186
 0.695000 0.001993 0.012211
 0.700000 0.002052 0.011136
 0.705000 0.002105 0.010007
 0.710000 0.002152 0.008852
 0.715000 0.002194 0.007722
 0.720000 0.002230 0.006626
 0.725000 0.002261 0.005590
 0.730000 0.002287 0.004694
 0.735000 0.002309 0.003892
 0.740000 0.002327 0.003256
 0.745000 0.002343 0.002811
 0.750000 0.002357 0.002584
 0.755000 0.002371 0.002584
 0.760000 0.002385 0.002802
 0.765000 0.002401 0.003297
 0.770000 0.002420 0.004067
 0.775000 0.002443 0.005088
 0.780000 0.002473 0.006443
 0.785000 0.002512 0.008208
 0.790000 0.002560 0.010346
 0.795000 0.002624 0.013217
 0.800000 0.002703 0.016520
 0.805000 0.002798 0.020311
 0.810000 0.002917 0.025060
 0.815000 0.003090 0.032713
 0.820000 0.003271 0.039543
 0.825000 0.003488 0.047577
 0.830000 0.003749 0.057004
 0.835000 0.004060 0.068018
 0.840000 0.004432 0.080825
 0.845000 0.004872 0.095653
 0.850000 0.005392 0.112737
 0.855000 0.006003 0.132246
 0.860000 0.006719 0.154377
 0.865000 0.007551 0.179274
 0.870000 0.008516 0.206969
 0.875000 0.009625 0.237478
 0.880000 0.010894 0.270622
 0.885000 0.012335 0.306147
 0.890000 0.013959 0.343628
 0.895000 0.015773 0.382463
 0.900000 0.017784 0.421809
 0.905000 0.019990 0.460726
 0.910000 0.022388 0.498031
 0.915000 0.024965 0.532424
 0.920000 0.027705 0.562404
 0.925000 0.030579 0.586447
 0.930000 0.033556 0.603024
 0.935000 0.036595 0.610632
 0.940000 0.039645 0.607921
 0.945000 0.042654 0.593773
 0.950000 0.045562 0.567374
 0.955000 0.048306 0.528260
 0.960000 0.050823 0.476461
 0.965000 0.053050 0.412489
 0.970000 0.054929 0.337319
 0.975000 0.056407 0.252445
 0.980000 0.057441 0.159815
 0.985000 0.057996 0.061690
 0.990000 0.058052 -0.039328
 0.995000 0.057602 -0.140485
 1.000000 0.056652 -0.238991
