#! FIELDS cmap hh dhh_cmap
#! SET normalisation  99999.000000
#! SET min_cmap 0
#! SET max_cmap 1
#! SET nbins_cmap  200
#! SET periodic_cmap false
 0.000000 7.711005 20.777852
 0.005000 7.776957 5.538945
 0.010000 7.766135 -9.855764
 0.015000 7.678901 -24.949931
 0.020000 7.517874 -39.302215
 0.025000 7.287794 -52.507789
 0.030000 6.995294 -64.217220
 0.035000 6.648584 -74.151790
 0.040000 6.257069 -82.113958
 0.045000 5.830922 -87.992838
 0.050000 5.380657 -91.764239
 0.055000 4.916700 -93.485915
 0.060000 4.449001 -93.288320
 0.065000 3.986701 -91.362194
 0.070000 3.537868 -87.943745
 0.075000 3.109308 -83.298862
 0.080000 2.706457 -77.707384
 0.085000 2.333346 -71.448455
 0.090000 1.992641 -64.787773
 0.095000 1.685733 -57.967312
 0.100000 1.412881 -51.197884
 0.105000 1.173375 -44.654418
 0.110000 0.965729 -38.474044
 0.115000 0.787862 -32.756490
 0.120000 0.637284 -27.566440
 0.125000 0.511261 -22.937320
 0.130000 0.406963 -18.875988
 0.135000 0.321578 -15.367895
 0.140000 0.252413 -12.382302
 0.145000 0.196954 -9.877218
 0.150000 0.152921 -7.803768
 0.155000 0.118284 -6.109941
 0.160000 0.091276 -4.743611
 0.165000 0.070386 -3.654760
 0.170000 0.054343 -2.797082
 0.175000 0.042099 -2.128948
 0.180000 0.032799 -1.613879
 0.185000 0.024068 -1.095949
 0.190000 0.011221 -0.248548
 0.195000 0.010021 -0.219618
 0.200000 0.008920 -0.191584
 0.205000 0.007984 -0.169999
 0.210000 0.007166 -0.152017
 0.215000 0.006430 -0.135529
 0.220000 0.005775 -0.120845
 0.225000 0.005194 -0.107892
 0.230000 0.004672 -0.095929
 0.235000 0.004211 -0.085316
 0.240000 0.003800 -0.075683
 0.245000 0.003436 -0.067000
 0.250000 0.003116 -0.059324
 0.255000 0.002832 -0.052385
 0.260000 0.002581 -0.046162
 0.265000 0.002361 -0.040663
 0.270000 0.002167 -0.035768
 0.275000 0.001996 -0.031463
 0.280000 0.001847 -0.027705
 0.285000 0.001715 -0.024396
 0.290000 0.001598 -0.021467
 0.295000 0.001496 -0.018947
 0.300000 0.001405 -0.016731
 0.305000 0.001325 -0.014814
 0.310000 0.001254 -0.013145
 0.315000 0.001191 -0.011687
 0.320000 0.001134 -0.010386
 0.325000 0.001084 -0.009317
 0.330000 0.001038 -0.008356
 0.335000 0.000998 -0.007555
 0.340000 0.000961 -0.006848
 0.345000 0.000927 -0.006274
 0.350000 0.000897 -0.005807
 0.355000 0.000868 -0.005357
 0.360000 0.000841 -0.005022
 0.365000 0.000816 -0.004772
 0.370000 0.000793 -0.004596
 0.375000 0.000770 -0.004459
 0.380000 0.000748 -0.004386
 0.385000 0.000725 -0.004339
 0.390000 0.000704 -0.004340
 0.395000 0.000682 -0.004332
 0.400000 0.000660 -0.004362
 0.405000 0.000638 -0.004391
 0.410000 0.000616 -0.004427
 0.415000 0.000593 -0.004441
 0.420000 0.000571 -0.004455
 0.425000 0.000549 -0.004439
 0.430000 0.000527 -0.004416
 0.435000 0.000504 -0.004371
 0.440000 0.000483 -0.004298
 0.445000 0.000461 -0.004211
 0.450000 0.000441 -0.004111
 0.455000 0.000420 -0.003980
 0.460000 0.000401 -0.003810
 0.465000 0.000382 -0.003643
 0.470000 0.000365 -0.003437
 0.475000 0.000348 -0.003209
 0.480000 0.000333 -0.002942
 0.485000 0.000318 -0.002641
 0.490000 0.000306 -0.002302
 0.495000 0.000296 -0.001927
 0.500000 0.000287 -0.001503
 0.505000 0.000281 -0.001026
 0.510000 0.000277 -0.000515
 0.515000 0.000276 0.000062
 0.520000 0.000278 0.000692
 0.525000 0.000283 0.001369
 0.530000 0.000292 0.002081
 0.535000 0.000304 0.002839
 0.540000 0.000320 0.003624
 0.545000 0.000340 0.004449
 0.550000 0.000365 0.005292
 0.555000 0.000393 0.006132
 0.560000 0.000426 0.006980
 0.565000 0.000463 0.007832
 0.570000 0.000505 0.008696
 0.575000 0.000550 0.009524
 0.580000 0.000600 0.010311
 0.585000 0.000654 0.011071
 0.590000 0.000711 0.011783
 0.595000 0.000772 0.012442
 0.600000 0.000835 0.013049
 0.605000 0.000902 0.013595
 0.610000 0.000971 0.014066
 0.615000 0.001043 0.014427
 0.620000 0.001116 0.014702
 0.625000 0.001190 0.014879
 0.630000 0.001265 0.014968
 0.635000 0.001340 0.014967
 0.640000 0.001415 0.014866
 0.645000 0.001489 0.014686
 0.650000 0.001562 0.014410
 0.655000 0.001633 0.014066
 0.660000 0.001703 0.013680
 0.665000 0.001770 0.013271
 0.670000 0.001835 0.012847
 0.675000 0.001899 0.012461
 0.680000 0.001961 0.012107
 0.685000 0.002021 0.011806
 0.690000 0.002080 0.011585
 0.695000 0.002138 0.011461
 0.700000 0.002195 0.011428
 0.705000 0.002253 0.011533
 0.710000 0.002311 0.011772
 0.715000 0.002371 0.012130
 0.720000 0.002434 0.012617
 0.725000 0.002499 0.013236
 0.730000 0.002568 0.013970
 0.735000 0.002640 0.014812
 0.740000 0.002718 0.015816
 0.745000 0.002801 0.016992
 0.750000 0.002891 0.018258
 0.755000 0.002988 0.019749
 0.760000 0.003092 0.021400
 0.765000 0.003205 0.023262
 0.770000 0.003329 0.025358
 0.775000 0.003464 0.027822
 0.780000 0.003613 0.030657
 0.785000 0.003778 0.034041
 0.790000 0.003963 0.038002
 0.795000 0.004176 0.043182
 0.800000 0.004413 0.049037
 0.805000 0.004681 0.055932
 0.810000 0.004997 0.064807
 0.815000 0.005422 0.079946
 0.820000 0.005854 0.093178
 0.825000 0.006358 0.108975
 0.830000 0.006948 0.127750
 0.835000 0.007641 0.149979
 0.840000 0.008454 0.176113
 0.845000 0.009409 0.206646
 0.850000 0.010529 0.242048
 0.855000 0.011838 0.282788
 0.860000 0.013366 0.329222
 0.865000 0.015140 0.381629
 0.870000 0.017192 0.440132
 0.875000 0.019551 0.504671
 0.880000 0.022248 0.574966
 0.885000 0.025309 0.650394
 0.890000 0.028758 0.730043
 0.895000 0.032614 0.812582
 0.900000 0.036886 0.896342
 0.905000 0.041576 0.979202
 0.910000 0.046672 1.058700
 0.915000 0.052152 1.132005
 0.920000 0.057977 1.196028
 0.925000 0.064092 1.247538
 0.930000 0.070426 1.283258
 0.935000 0.076892 1.300035
 0.940000 0.083389 1.294994
 0.945000 0.089801 1.265756
 0.950000 0.096003 1.210603
 0.955000 0.101862 1.128583
 0.960000 0.107244 1.019707
 0.965000 0.112016 0.884996
 0.970000 0.116054 0.726510
 0.975000 0.119246 0.547345
 0.980000 0.121499 0.351524
 0.985000 0.122741 0.143910
 0.990000 0.122927 -0.070069
 0.995000 0.122039 -0.284595
 1.000000 0.120089 -0.493779
