#! FIELDS cmap hh dhh_cmap
#! SET normalisation  99999.000000
#! SET min_cmap 0
#! SET max_cmap 1
#! SET nbins_cmap  200
#! SET periodic_cmap false
 0.000000 7.785073 20.968778
 0.005000 7.851633 5.590762
 0.010000 7.840720 -9.943518
 0.015000 7.752706 -25.173671
 0.020000 7.590234 -39.654555
 0.025000 7.358093 -52.977877
 0.030000 7.062977 -64.791317
 0.035000 6.713169 -74.813929
 0.040000 6.318159 -82.846676
 0.045000 5.888210 -88.777903
 0.050000 5.433927 -92.583441
 0.055000 4.965826 -94.321694
 0.060000 4.493940 -94.124429
 0.065000 4.027489 -92.184119
 0.070000 3.574609 -88.739051
 0.075000 3.142160 -84.057406
 0.080000 2.735625 -78.421363
 0.085000 2.359068 -72.112341
 0.090000 2.015176 -65.398187
 0.095000 1.705353 -58.522823
 0.100000 1.429860 -51.698657
 0.105000 1.187985 -45.101956
 0.110000 0.978229 -38.870867
 0.115000 0.798498 -33.105850
 0.120000 0.646284 -27.872045
 0.125000 0.518834 -23.203096
 0.130000 0.413299 -19.105897
 0.135000 0.326846 -15.565805
 0.140000 0.256763 -12.551882
 0.145000 0.200520 -10.021851
 0.150000 0.155820 -7.926546
 0.155000 0.120618 -6.213659
 0.160000 0.093134 -4.830737
 0.165000 0.071845 -3.727491
 0.170000 0.055470 -2.857369
 0.175000 0.042953 -2.178493
 0.180000 0.033428 -1.654215
 0.185000 0.024479 -1.125702
 0.190000 0.011455 -0.269328
 0.195000 0.010161 -0.236170
 0.200000 0.008983 -0.204396
 0.205000 0.007991 -0.179905
 0.210000 0.007130 -0.159481
 0.215000 0.006360 -0.140916
 0.220000 0.005680 -0.124602
 0.225000 0.005082 -0.110451
 0.230000 0.004549 -0.097692
 0.235000 0.004080 -0.086532
 0.240000 0.003665 -0.076603
 0.245000 0.003296 -0.067685
 0.250000 0.002972 -0.059919
 0.255000 0.002685 -0.052895
 0.260000 0.002431 -0.046614
 0.265000 0.002208 -0.041016
 0.270000 0.002011 -0.035909
 0.275000 0.001839 -0.031392
 0.280000 0.001689 -0.027317
 0.285000 0.001560 -0.023737
 0.290000 0.001447 -0.020502
 0.295000 0.001351 -0.017627
 0.300000 0.001268 -0.015058
 0.305000 0.001197 -0.012792
 0.310000 0.001137 -0.010812
 0.315000 0.001086 -0.009097
 0.320000 0.001042 -0.007608
 0.325000 0.001007 -0.006472
 0.330000 0.000975 -0.005541
 0.335000 0.000948 -0.004864
 0.340000 0.000925 -0.004409
 0.345000 0.000903 -0.004158
 0.350000 0.000882 -0.004065
 0.355000 0.000861 -0.004089
 0.360000 0.000839 -0.004222
 0.365000 0.000817 -0.004447
 0.370000 0.000794 -0.004724
 0.375000 0.000769 -0.005016
 0.380000 0.000743 -0.005292
 0.385000 0.000716 -0.005558
 0.390000 0.000688 -0.005765
 0.395000 0.000658 -0.005889
 0.400000 0.000628 -0.005975
 0.405000 0.000598 -0.005996
 0.410000 0.000568 -0.005945
 0.415000 0.000539 -0.005818
 0.420000 0.000510 -0.005620
 0.425000 0.000482 -0.005389
 0.430000 0.000456 -0.005126
 0.435000 0.000431 -0.004835
 0.440000 0.000407 -0.004531
 0.445000 0.000385 -0.004215
 0.450000 0.000365 -0.003879
 0.455000 0.000346 -0.003552
 0.460000 0.000329 -0.003241
 0.465000 0.000314 -0.002944
 0.470000 0.000300 -0.002656
 0.475000 0.000287 -0.002380
 0.480000 0.000276 -0.002110
 0.485000 0.000266 -0.001858
 0.490000 0.000257 -0.001617
 0.495000 0.000250 -0.001391
 0.500000 0.000244 -0.001171
 0.505000 0.000238 -0.000972
 0.510000 0.000234 -0.000783
 0.515000 0.000230 -0.000607
 0.520000 0.000227 -0.000466
 0.525000 0.000225 -0.000336
 0.530000 0.000224 -0.000229
 0.535000 0.000223 -0.000148
 0.540000 0.000222 -0.000061
 0.545000 0.000222 -0.000002
 0.550000 0.000222 0.000041
 0.555000 0.000223 0.000099
 0.560000 0.000223 0.000159
 0.565000 0.000224 0.000233
 0.570000 0.000226 0.000334
 0.575000 0.000228 0.000447
 0.580000 0.000230 0.000585
 0.585000 0.000233 0.000754
 0.590000 0.000238 0.000979
 0.595000 0.000243 0.001216
 0.600000 0.000250 0.001484
 0.605000 0.000258 0.001780
 0.610000 0.000268 0.002121
 0.615000 0.000280 0.002479
 0.620000 0.000293 0.002840
 0.625000 0.000308 0.003217
 0.630000 0.000325 0.003592
 0.635000 0.000345 0.003979
 0.640000 0.000365 0.004352
 0.645000 0.000388 0.004732
 0.650000 0.000413 0.005096
 0.655000 0.000439 0.005454
 0.660000 0.000467 0.005800
 0.665000 0.000497 0.006131
 0.670000 0.000529 0.006461
 0.675000 0.000562 0.006781
 0.680000 0.000597 0.007092
 0.685000 0.000633 0.007391
 0.690000 0.000671 0.007686
 0.695000 0.000710 0.007965
 0.700000 0.000751 0.008220
 0.705000 0.000793 0.008464
 0.710000 0.000836 0.008680
 0.715000 0.000880 0.008866
 0.720000 0.000925 0.009019
 0.725000 0.000970 0.009161
 0.730000 0.001017 0.009295
 0.735000 0.001064 0.009399
 0.740000 0.001112 0.009479
 0.745000 0.001160 0.009567
 0.750000 0.001208 0.009669
 0.755000 0.001258 0.009829
 0.760000 0.001309 0.010120
 0.765000 0.001362 0.010506
 0.770000 0.001417 0.011044
 0.775000 0.001476 0.011812
 0.780000 0.001538 0.012758
 0.785000 0.001606 0.014063
 0.790000 0.001683 0.015788
 0.795000 0.001772 0.018158
 0.800000 0.001872 0.020974
 0.805000 0.001989 0.024480
 0.810000 0.002128 0.029011
 0.815000 0.002319 0.036425
 0.820000 0.002518 0.043236
 0.825000 0.002753 0.051356
 0.830000 0.003033 0.060935
 0.835000 0.003365 0.072154
 0.840000 0.003758 0.085187
 0.845000 0.004221 0.100214
 0.850000 0.004764 0.117376
 0.855000 0.005398 0.136823
 0.860000 0.006136 0.158662
 0.865000 0.006989 0.182956
 0.870000 0.007969 0.209685
 0.875000 0.009089 0.238768
 0.880000 0.010360 0.270022
 0.885000 0.011793 0.303117
 0.890000 0.013394 0.337614
 0.895000 0.015170 0.372915
 0.900000 0.017123 0.408260
 0.905000 0.019251 0.442743
 0.910000 0.021547 0.475282
 0.915000 0.023999 0.504695
 0.920000 0.026587 0.529708
 0.925000 0.029286 0.548952
 0.930000 0.032064 0.561100
 0.935000 0.034883 0.564867
 0.940000 0.037697 0.559137
 0.945000 0.040457 0.542963
 0.950000 0.043108 0.515707
 0.955000 0.045594 0.477079
 0.960000 0.047860 0.427134
 0.965000 0.049848 0.366406
 0.970000 0.051507 0.295848
 0.975000 0.052792 0.216860
 0.980000 0.053664 0.131169
 0.985000 0.054096 0.040863
 0.990000 0.054069 -0.051701
 0.995000 0.053579 -0.144072
 1.000000 0.052632 -0.233725
