#! FIELDS cmap hh dhh_cmap
#! SET normalisation  99999.000000
#! SET min_cmap 0
#! SET max_cmap 1
#! SET nbins_cmap  200
#! SET periodic_cmap false
 0.000000 1.190954 3.299650
 0.005000 1.201603 0.949381
 0.010000 1.200404 -1.427218
 0.015000 1.187404 -3.759684
 0.020000 1.162995 -5.979800
 0.025000 1.127899 -8.024861
 0.030000 1.083129 -9.840656
 0.035000 1.029947 -11.383825
 0.040000 0.969798 -12.623512
 0.045000 0.904248 -13.542215
 0.050000 0.834918 -14.135831
 0.055000 0.763418 -14.412922
 0.060000 0.691284 -14.393304
 0.065000 0.619931 -14.106184
 0.070000 0.550608 -13.587809
 0.075000 0.484370 -12.879076
 0.080000 0.422063 -12.023089
 0.085000 0.364313 -11.062894
 0.090000 0.311539 -10.039507
 0.095000 0.263961 -8.990311
 0.100000 0.221624 -7.947921
 0.105000 0.184425 -6.939416
 0.110000 0.152138 -5.986062
 0.115000 0.124446 -5.103354
 0.120000 0.100969 -4.301385
 0.125000 0.081289 -3.585409
 0.130000 0.064970 -2.956599
 0.135000 0.051581 -2.412804
 0.140000 0.040708 -1.949372
 0.145000 0.031964 -1.559909
 0.150000 0.024998 -1.236951
 0.155000 0.019497 -0.972546
 0.160000 0.015188 -0.758712
 0.165000 0.011838 -0.587789
 0.170000 0.009250 -0.452676
 0.175000 0.007262 -0.346989
 0.180000 0.005741 -0.265121
 0.185000 0.004344 -0.184914
 0.190000 0.002258 -0.049422
 0.195000 0.002021 -0.043454
 0.200000 0.001806 -0.037862
 0.205000 0.001623 -0.033391
 0.210000 0.001464 -0.029704
 0.215000 0.001321 -0.026314
 0.220000 0.001194 -0.023362
 0.225000 0.001083 -0.020812
 0.230000 0.000984 -0.018505
 0.235000 0.000894 -0.016412
 0.240000 0.000816 -0.014570
 0.245000 0.000745 -0.012889
 0.250000 0.000683 -0.011393
 0.255000 0.000629 -0.010069
 0.260000 0.000580 -0.008860
 0.265000 0.000538 -0.007761
 0.270000 0.000501 -0.006802
 0.275000 0.000469 -0.005897
 0.280000 0.000441 -0.005073
 0.285000 0.000417 -0.004306
 0.290000 0.000396 -0.003590
 0.295000 0.000379 -0.002931
 0.300000 0.000366 -0.002352
 0.305000 0.000355 -0.001824
 0.310000 0.000347 -0.001328
 0.315000 0.000341 -0.000906
 0.320000 0.000337 -0.000515
 0.325000 0.000336 -0.000192
 0.330000 0.000335 0.000086
 0.335000 0.000336 0.000302
 0.340000 0.000338 0.000457
 0.345000 0.000341 0.000538
 0.350000 0.000343 0.000569
 0.355000 0.000346 0.000533
 0.360000 0.000348 0.000423
 0.365000 0.000350 0.000269
 0.370000 0.000350 0.000047
 0.375000 0.000350 -0.000207
 0.380000 0.000348 -0.000483
 0.385000 0.000345 -0.000772
 0.390000 0.000340 -0.001076
 0.395000 0.000334 -0.001368
 0.400000 0.000327 -0.001626
 0.405000 0.000318 -0.001851
 0.410000 0.000308 -0.002026
 0.415000 0.000298 -0.002137
 0.420000 0.000287 -0.002186
 0.425000 0.000276 -0.002143
 0.430000 0.000266 -0.002051
 0.435000 0.000256 -0.001878
 0.440000 0.000247 -0.001630
 0.445000 0.000240 -0.001315
 0.450000 0.000234 -0.000943
 0.455000 0.000231 -0.000510
 0.460000 0.000229 -0.000029
 0.465000 0.000230 0.000481
 0.470000 0.000234 0.001028
 0.475000 0.000241 0.001599
 0.480000 0.000251 0.002200
 0.485000 0.000263 0.002796
 0.490000 0.000279 0.003423
 0.495000 0.000298 0.004023
 0.500000 0.000319 0.004607
 0.505000 0.000344 0.005196
 0.510000 0.000372 0.005764
 0.515000 0.000403 0.006367
 0.520000 0.000437 0.006975
 0.525000 0.000474 0.007572
 0.530000 0.000514 0.008172
 0.535000 0.000556 0.008787
 0.540000 0.000602 0.009419
 0.545000 0.000651 0.010130
 0.550000 0.000705 0.010900
 0.555000 0.000762 0.011782
 0.560000 0.000824 0.012808
 0.565000 0.000891 0.013973
 0.570000 0.000965 0.015330
 0.575000 0.001046 0.016950
 0.580000 0.001136 0.018816
 0.585000 0.001237 0.021045
 0.590000 0.001349 0.023547
 0.595000 0.001475 0.026437
 0.600000 0.001616 0.029713
 0.605000 0.001774 0.033363
 0.610000 0.001952 0.037427
 0.615000 0.002151 0.041840
 0.620000 0.002372 0.046615
 0.625000 0.002620 0.051815
 0.630000 0.002894 0.057287
 0.635000 0.003197 0.063044
 0.640000 0.003529 0.068994
 0.645000 0.003891 0.075146
 0.650000 0.004284 0.081326
 0.655000 0.004708 0.087586
 0.660000 0.005163 0.093793
 0.665000 0.005649 0.099919
 0.670000 0.006166 0.105992
 0.675000 0.006713 0.111940
 0.680000 0.007290 0.117750
 0.685000 0.007895 0.123426
 0.690000 0.008529 0.129098
 0.695000 0.009192 0.134749
 0.700000 0.009883 0.140418
 0.705000 0.010605 0.146313
 0.710000 0.011358 0.152552
 0.715000 0.012141 0.159052
 0.720000 0.012960 0.166138
 0.725000 0.013817 0.173954
 0.730000 0.014723 0.183117
 0.735000 0.015676 0.193299
 0.740000 0.016685 0.204946
 0.745000 0.017763 0.218747
 0.750000 0.018914 0.234552
 0.755000 0.020164 0.253746
 0.760000 0.021533 0.277253
 0.765000 0.023021 0.304472
 0.770000 0.024684 0.338430
 0.775000 0.026544 0.379812
 0.780000 0.028657 0.431254
 0.785000 0.031100 0.496786
 0.790000 0.033914 0.577192
 0.795000 0.037618 0.707276
 0.800000 0.041810 0.853518
 0.805000 0.046821 1.035099
 0.810000 0.053262 1.290180
 0.815000 0.065215 1.911243
 0.820000 0.075881 2.372917
 0.825000 0.089136 2.950106
 0.830000 0.105615 3.667082
 0.835000 0.126085 4.551293
 0.840000 0.151457 5.633104
 0.845000 0.182800 6.945319
 0.850000 0.221351 8.522241
 0.855000 0.268521 10.398544
 0.860000 0.325890 12.607394
 0.865000 0.395199 15.178464
 0.870000 0.478318 18.135239
 0.875000 0.577218 21.491925
 0.880000 0.693906 25.250301
 0.885000 0.830365 29.396044
 0.890000 0.988456 33.895565
 0.895000 1.169817 38.692943
 0.900000 1.375747 43.707550
 0.905000 1.607077 48.832710
 0.910000 1.864038 53.935715
 0.915000 2.146135 58.859234
 0.920000 2.452033 63.424885
 0.925000 2.779462 67.438426
 0.930000 3.125157 70.696958
 0.935000 3.484833 72.997938
 0.940000 3.853217 74.149305
 0.945000 4.224122 73.980443
 0.950000 4.590586 72.353566
 0.955000 4.945064 69.173809
 0.960000 5.279660 64.398922
 0.965000 5.586416 58.045534
 0.970000 5.857611 50.193281
 0.975000 6.086083 40.985400
 0.980000 6.265539 30.625240
 0.985000 6.390839 19.369620
 0.990000 6.458237 7.518373
 0.995000 6.465573 -4.599187
 1.000000 6.412370 -16.639029
