#! FIELDS cmap hh dhh_cmap
#! SET normalisation  99999.000000
#! SET min_cmap 0
#! SET max_cmap 1
#! SET nbins_cmap  200
#! SET periodic_cmap false
 0.000000 1.337777 3.684398
 0.005000 1.349621 1.041714
 0.010000 1.348146 -1.630183
 0.015000 1.333403 -4.252035
 0.020000 1.305837 -6.747096
 0.025000 1.266262 -9.044863
 0.030000 1.215820 -11.084378
 0.035000 1.155930 -12.816894
 0.040000 1.088221 -14.207748
 0.045000 1.014456 -15.237296
 0.050000 0.936459 -15.900976
 0.055000 0.856040 -16.208480
 0.060000 0.774931 -16.182188
 0.065000 0.694721 -15.855000
 0.070000 0.616815 -15.267786
 0.075000 0.542399 -14.466637
 0.080000 0.472424 -13.500129
 0.085000 0.407593 -12.416772
 0.090000 0.348373 -11.262785
 0.095000 0.295012 -10.080301
 0.100000 0.247556 -8.906048
 0.105000 0.205887 -7.770548
 0.110000 0.169746 -6.697742
 0.115000 0.138775 -5.705068
 0.120000 0.112543 -4.803857
 0.125000 0.090574 -3.999991
 0.130000 0.072378 -3.294716
 0.135000 0.057467 -2.685541
 0.140000 0.045372 -2.167135
 0.145000 0.035656 -1.732217
 0.150000 0.027924 -1.372279
 0.155000 0.021824 -1.078270
 0.160000 0.017047 -0.841108
 0.165000 0.013332 -0.652081
 0.170000 0.010459 -0.503120
 0.175000 0.008247 -0.386975
 0.180000 0.006546 -0.297295
 0.185000 0.004974 -0.209153
 0.190000 0.002618 -0.058396
 0.195000 0.002335 -0.053004
 0.200000 0.002071 -0.047644
 0.205000 0.001838 -0.043110
 0.210000 0.001630 -0.039117
 0.215000 0.001441 -0.035309
 0.220000 0.001271 -0.031709
 0.225000 0.001119 -0.028378
 0.230000 0.000983 -0.025157
 0.235000 0.000863 -0.022285
 0.240000 0.000758 -0.019537
 0.245000 0.000665 -0.016984
 0.250000 0.000585 -0.014685
 0.255000 0.000516 -0.012583
 0.260000 0.000457 -0.010680
 0.265000 0.000407 -0.009009
 0.270000 0.000365 -0.007563
 0.275000 0.000330 -0.006299
 0.280000 0.000301 -0.005230
 0.285000 0.000277 -0.004306
 0.290000 0.000257 -0.003516
 0.295000 0.000240 -0.002870
 0.300000 0.000227 -0.002340
 0.305000 0.000216 -0.001888
 0.310000 0.000207 -0.001520
 0.315000 0.000200 -0.001196
 0.320000 0.000195 -0.000882
 0.325000 0.000191 -0.000607
 0.330000 0.000188 -0.000335
 0.335000 0.000187 -0.000050
 0.340000 0.000187 0.000241
 0.345000 0.000189 0.000532
 0.350000 0.000192 0.000862
 0.355000 0.000197 0.001204
 0.360000 0.000204 0.001531
 0.365000 0.000212 0.001877
 0.370000 0.000222 0.002205
 0.375000 0.000234 0.002500
 0.380000 0.000247 0.002766
 0.385000 0.000262 0.002994
 0.390000 0.000277 0.003174
 0.395000 0.000293 0.003299
 0.400000 0.000310 0.003372
 0.405000 0.000327 0.003379
 0.410000 0.000344 0.003327
 0.415000 0.000360 0.003243
 0.420000 0.000376 0.003096
 0.425000 0.000391 0.002905
 0.430000 0.000406 0.002693
 0.435000 0.000419 0.002475
 0.440000 0.000431 0.002254
 0.445000 0.000441 0.002051
 0.450000 0.000451 0.001872
 0.455000 0.000460 0.001736
 0.460000 0.000469 0.001677
 0.465000 0.000477 0.001678
 0.470000 0.000486 0.001744
 0.475000 0.000495 0.001914
 0.480000 0.000505 0.002163
 0.485000 0.000517 0.002532
 0.490000 0.000532 0.003010
 0.495000 0.000549 0.003624
 0.500000 0.000569 0.004310
 0.505000 0.000593 0.005111
 0.510000 0.000622 0.006038
 0.515000 0.000655 0.007065
 0.520000 0.000694 0.008204
 0.525000 0.000738 0.009458
 0.530000 0.000789 0.010800
 0.535000 0.000847 0.012278
 0.540000 0.000914 0.013956
 0.545000 0.000989 0.015733
 0.550000 0.001073 0.017691
 0.555000 0.001167 0.019818
 0.560000 0.001273 0.022196
 0.565000 0.001391 0.024791
 0.570000 0.001524 0.027675
 0.575000 0.001671 0.030833
 0.580000 0.001834 0.034284
 0.585000 0.002016 0.038080
 0.590000 0.002218 0.042261
 0.595000 0.002441 0.046789
 0.600000 0.002688 0.051601
 0.605000 0.002959 0.056784
 0.610000 0.003258 0.062228
 0.615000 0.003584 0.067944
 0.620000 0.003940 0.073898
 0.625000 0.004326 0.079962
 0.630000 0.004742 0.086071
 0.635000 0.005189 0.092172
 0.640000 0.005667 0.098233
 0.645000 0.006175 0.104122
 0.650000 0.006711 0.109727
 0.655000 0.007276 0.115089
 0.660000 0.007865 0.120018
 0.665000 0.008479 0.124593
 0.670000 0.009115 0.128802
 0.675000 0.009772 0.132628
 0.680000 0.010446 0.136099
 0.685000 0.011139 0.139344
 0.690000 0.011846 0.142291
 0.695000 0.012567 0.145111
 0.700000 0.013303 0.147910
 0.705000 0.014054 0.150905
 0.710000 0.014822 0.154216
 0.715000 0.015609 0.158063
 0.720000 0.016417 0.162568
 0.725000 0.017252 0.168101
 0.730000 0.018121 0.174989
 0.735000 0.019026 0.183121
 0.740000 0.019981 0.193261
 0.745000 0.020995 0.205663
 0.750000 0.022081 0.220750
 0.755000 0.023262 0.239691
 0.760000 0.024561 0.263444
 0.765000 0.025991 0.291969
 0.770000 0.027592 0.327196
 0.775000 0.029397 0.370267
 0.780000 0.031470 0.424309
 0.785000 0.033876 0.492099
 0.790000 0.036668 0.575028
 0.795000 0.040350 0.706800
 0.800000 0.044538 0.854915
 0.805000 0.049552 1.037724
 0.810000 0.055971 1.291025
 0.815000 0.067821 1.903275
 0.820000 0.078434 2.359095
 0.825000 0.091598 2.927314
 0.830000 0.107933 3.631414
 0.835000 0.128183 4.498065
 0.840000 0.153233 5.556797
 0.845000 0.184124 6.839433
 0.850000 0.222056 8.379418
 0.855000 0.268402 10.210401
 0.860000 0.324697 12.364720
 0.865000 0.392634 14.871133
 0.870000 0.474033 17.752518
 0.875000 0.570806 21.022730
 0.880000 0.684910 24.683357
 0.885000 0.818267 28.720518
 0.890000 0.972687 33.101483
 0.895000 1.149764 37.771746
 0.900000 1.350757 42.652854
 0.905000 1.576470 47.640980
 0.910000 1.827128 52.606733
 0.915000 2.102244 57.397125
 0.920000 2.400516 61.838425
 0.925000 2.719730 65.741639
 0.930000 3.056704 68.909221
 0.935000 3.407264 71.144014
 0.940000 3.766274 72.258959
 0.945000 4.127706 72.087968
 0.950000 4.484782 70.496817
 0.955000 4.830148 67.393270
 0.960000 5.156117 62.735871
 0.965000 5.454937 56.540717
 0.970000 5.719085 48.885422
 0.975000 5.941584 39.909230
 0.980000 6.116300 29.810223
 0.985000 6.238225 18.838393
 0.990000 6.303710 7.285599
 0.995000 6.310644 -4.527195
 1.000000 6.258560 -16.264843
