#! FIELDS cmap hh dhh_cmap
#! SET normalisation  99999.000000
#! SET min_cmap 0
#! SET max_cmap 1
#! SET nbins_cmap  200
#! SET periodic_cmap false
 0.000000 2.118159 5.864585
 0.005000 2.137077 1.684223
 0.010000 2.134923 -2.542983
 0.015000 2.111778 -6.691702
 0.020000 2.068340 -10.640568
 0.025000 2.005892 -14.278071
 0.030000 1.926240 -17.507762
 0.035000 1.831624 -20.252512
 0.040000 1.724616 -22.457408
 0.045000 1.608003 -24.091292
 0.050000 1.484668 -25.146854
 0.055000 1.357474 -25.639294
 0.060000 1.229156 -25.603886
 0.065000 1.102230 -25.092529
 0.070000 0.978917 -24.169725
 0.075000 0.861097 -22.908239
 0.080000 0.750271 -21.384776
 0.085000 0.647558 -19.675937
 0.090000 0.553699 -17.854734
 0.095000 0.469087 -15.987730
 0.100000 0.393801 -14.132959
 0.105000 0.327656 -12.338647
 0.110000 0.270250 -10.642635
 0.115000 0.221019 -9.072525
 0.120000 0.179285 -7.646274
 0.125000 0.144301 -6.373226
 0.130000 0.115294 -5.255412
 0.135000 0.091494 -4.288984
 0.140000 0.072165 -3.465612
 0.145000 0.056619 -2.773860
 0.150000 0.044229 -2.200392
 0.155000 0.034441 -1.731000
 0.160000 0.026770 -1.351430
 0.165000 0.020800 -1.048010
 0.170000 0.016184 -0.808076
 0.175000 0.012633 -0.620241
 0.180000 0.009911 -0.474552
 0.185000 0.007408 -0.331217
 0.190000 0.003694 -0.090312
 0.195000 0.003263 -0.079100
 0.200000 0.002871 -0.067956
 0.205000 0.002546 -0.059204
 0.210000 0.002265 -0.051613
 0.215000 0.002020 -0.044669
 0.220000 0.001808 -0.038470
 0.225000 0.001626 -0.033087
 0.230000 0.001468 -0.028132
 0.235000 0.001336 -0.024020
 0.240000 0.001223 -0.020339
 0.245000 0.001127 -0.017217
 0.250000 0.001045 -0.014568
 0.255000 0.000977 -0.012377
 0.260000 0.000918 -0.010575
 0.265000 0.000868 -0.009100
 0.270000 0.000824 -0.007924
 0.275000 0.000785 -0.007018
 0.280000 0.000751 -0.006400
 0.285000 0.000719 -0.005954
 0.290000 0.000690 -0.005642
 0.295000 0.000661 -0.005468
 0.300000 0.000633 -0.005346
 0.305000 0.000606 -0.005292
 0.310000 0.000579 -0.005268
 0.315000 0.000552 -0.005253
 0.320000 0.000526 -0.005228
 0.325000 0.000499 -0.005143
 0.330000 0.000474 -0.005018
 0.335000 0.000449 -0.004843
 0.340000 0.000425 -0.004571
 0.345000 0.000402 -0.004274
 0.350000 0.000382 -0.003929
 0.355000 0.000363 -0.003507
 0.360000 0.000347 -0.003051
 0.365000 0.000333 -0.002551
 0.370000 0.000321 -0.002028
 0.375000 0.000312 -0.001500
 0.380000 0.000306 -0.000962
 0.385000 0.000303 -0.000428
 0.390000 0.000302 0.000080
 0.395000 0.000304 0.000591
 0.400000 0.000308 0.001043
 0.405000 0.000315 0.001492
 0.410000 0.000323 0.001907
 0.415000 0.000334 0.002308
 0.420000 0.000347 0.002674
 0.425000 0.000362 0.003064
 0.430000 0.000378 0.003436
 0.435000 0.000396 0.003818
 0.440000 0.000417 0.004238
 0.445000 0.000439 0.004696
 0.450000 0.000464 0.005218
 0.455000 0.000491 0.005828
 0.460000 0.000522 0.006518
 0.465000 0.000557 0.007327
 0.470000 0.000596 0.008262
 0.475000 0.000640 0.009348
 0.480000 0.000689 0.010559
 0.485000 0.000746 0.011938
 0.490000 0.000809 0.013428
 0.495000 0.000881 0.015070
 0.500000 0.000961 0.016808
 0.505000 0.001050 0.018635
 0.510000 0.001148 0.020524
 0.515000 0.001255 0.022424
 0.520000 0.001373 0.024318
 0.525000 0.001499 0.026129
 0.530000 0.001635 0.027835
 0.535000 0.001778 0.029353
 0.540000 0.001928 0.030678
 0.545000 0.002085 0.031720
 0.550000 0.002246 0.032472
 0.555000 0.002410 0.032930
 0.560000 0.002575 0.033065
 0.565000 0.002741 0.032867
 0.570000 0.002904 0.032353
 0.575000 0.003065 0.031589
 0.580000 0.003221 0.030571
 0.585000 0.003371 0.029418
 0.590000 0.003516 0.028147
 0.595000 0.003655 0.026959
 0.600000 0.003788 0.025858
 0.605000 0.003915 0.024888
 0.610000 0.004039 0.024201
 0.615000 0.004160 0.023856
 0.620000 0.004280 0.023920
 0.625000 0.004402 0.024450
 0.630000 0.004527 0.025418
 0.635000 0.004660 0.026997
 0.640000 0.004802 0.029084
 0.645000 0.004956 0.031723
 0.650000 0.005123 0.034820
 0.655000 0.005308 0.038468
 0.660000 0.005513 0.042638
 0.665000 0.005740 0.047317
 0.670000 0.005992 0.052441
 0.675000 0.006271 0.058093
 0.680000 0.006579 0.064223
 0.685000 0.006918 0.070840
 0.690000 0.007293 0.078031
 0.695000 0.007705 0.085865
 0.700000 0.008158 0.094378
 0.705000 0.008656 0.103639
 0.710000 0.009203 0.113712
 0.715000 0.009805 0.124835
 0.720000 0.010465 0.136897
 0.725000 0.011188 0.150010
 0.730000 0.011983 0.164418
 0.735000 0.012854 0.180150
 0.740000 0.013814 0.197686
 0.745000 0.014867 0.216901
 0.750000 0.016023 0.238073
 0.755000 0.017299 0.261947
 0.760000 0.018715 0.289413
 0.765000 0.020268 0.319621
 0.770000 0.021995 0.354547
 0.775000 0.023918 0.395047
 0.780000 0.026094 0.444255
 0.785000 0.028570 0.504230
 0.790000 0.031382 0.576154
 0.795000 0.034967 0.689441
 0.800000 0.038984 0.815933
 0.805000 0.043694 0.970852
 0.810000 0.049618 1.187218
 0.815000 0.060284 1.718200
 0.820000 0.069818 2.110524
 0.825000 0.081552 2.600973
 0.830000 0.096026 3.210474
 0.835000 0.113894 3.962674
 0.840000 0.135934 4.883757
 0.845000 0.163060 6.001989
 0.850000 0.196331 7.347009
 0.855000 0.236957 8.948586
 0.860000 0.286292 10.835443
 0.865000 0.345829 13.033127
 0.870000 0.417175 15.561915
 0.875000 0.502020 18.434196
 0.880000 0.602092 21.651589
 0.885000 0.719091 25.202055
 0.890000 0.854620 29.056926
 0.895000 1.010089 33.168431
 0.900000 1.186617 37.467535
 0.905000 1.384925 41.862941
 0.910000 1.605218 46.240837
 0.915000 1.847080 50.466440
 0.920000 2.109373 54.386761
 0.925000 2.390159 57.835103
 0.930000 2.686646 60.637318
 0.935000 2.995164 62.619431
 0.940000 3.311196 63.616388
 0.945000 3.629439 63.481431
 0.950000 3.943923 62.095876
 0.955000 4.248173 59.377911
 0.960000 4.535414 55.290735
 0.965000 4.798814 49.847931
 0.970000 5.031742 43.117305
 0.975000 5.228040 35.221372
 0.980000 5.382298 26.334261
 0.985000 5.490093 16.676023
 0.990000 5.548197 6.503773
 0.995000 5.554741 -3.899825
 1.000000 5.509302 -14.239254
