#! FIELDS cmap hh dhh_cmap
#! SET normalisation  99999.000000
#! SET min_cmap 0
#! SET max_cmap 1
#! SET nbins_cmap  200
#! SET periodic_cmap false
 0.000000 1.290571 3.585802
 0.005000 1.302158 1.037812
 0.010000 1.300901 -1.539207
 0.015000 1.286845 -4.068849
 0.020000 1.260415 -6.477076
 0.025000 1.222391 -8.695839
 0.030000 1.173871 -10.666268
 0.035000 1.116221 -12.341238
 0.040000 1.051008 -13.687188
 0.045000 0.979931 -14.685027
 0.050000 0.904746 -15.330205
 0.055000 0.827202 -15.631897
 0.060000 0.748965 -15.611573
 0.065000 0.671571 -15.300816
 0.070000 0.596376 -14.738914
 0.075000 0.524527 -13.970205
 0.080000 0.456941 -13.041487
 0.085000 0.394301 -11.999465
 0.090000 0.337061 -10.888662
 0.095000 0.285461 -9.749703
 0.100000 0.239551 -8.618001
 0.105000 0.199219 -7.522997
 0.110000 0.164221 -6.487809
 0.115000 0.134213 -5.529296
 0.120000 0.108782 -4.658443
 0.125000 0.087473 -3.880986
 0.130000 0.069814 -3.198202
 0.135000 0.055336 -2.607772
 0.140000 0.043591 -2.104640
 0.145000 0.034156 -1.681876
 0.150000 0.026651 -1.331365
 0.155000 0.020737 -1.044457
 0.160000 0.016115 -0.812490
 0.165000 0.012534 -0.627132
 0.170000 0.009779 -0.480670
 0.175000 0.007674 -0.366166
 0.180000 0.006074 -0.277542
 0.185000 0.004611 -0.190903
 0.190000 0.002398 -0.044270
 0.195000 0.002186 -0.037986
 0.200000 0.001997 -0.032102
 0.205000 0.001841 -0.027635
 0.210000 0.001710 -0.024055
 0.215000 0.001593 -0.020900
 0.220000 0.001492 -0.018373
 0.225000 0.001404 -0.016336
 0.230000 0.001325 -0.014681
 0.235000 0.001255 -0.013364
 0.240000 0.001189 -0.012290
 0.245000 0.001129 -0.011463
 0.250000 0.001072 -0.010862
 0.255000 0.001018 -0.010353
 0.260000 0.000966 -0.010012
 0.265000 0.000915 -0.009741
 0.270000 0.000866 -0.009573
 0.275000 0.000818 -0.009424
 0.280000 0.000771 -0.009264
 0.285000 0.000724 -0.009106
 0.290000 0.000679 -0.008929
 0.295000 0.000634 -0.008703
 0.300000 0.000591 -0.008473
 0.305000 0.000549 -0.008195
 0.310000 0.000508 -0.007873
 0.315000 0.000470 -0.007542
 0.320000 0.000433 -0.007206
 0.325000 0.000398 -0.006848
 0.330000 0.000364 -0.006489
 0.335000 0.000332 -0.006105
 0.340000 0.000303 -0.005753
 0.345000 0.000275 -0.005398
 0.350000 0.000248 -0.005055
 0.355000 0.000224 -0.004723
 0.360000 0.000201 -0.004402
 0.365000 0.000179 -0.004084
 0.370000 0.000160 -0.003785
 0.375000 0.000141 -0.003495
 0.380000 0.000125 -0.003221
 0.385000 0.000109 -0.002953
 0.390000 0.000095 -0.002683
 0.395000 0.000082 -0.002426
 0.400000 0.000071 -0.002169
 0.405000 0.000061 -0.001930
 0.410000 0.000052 -0.001694
 0.415000 0.000044 -0.001456
 0.420000 0.000037 -0.001213
 0.425000 0.000031 -0.001010
 0.430000 0.000027 -0.000797
 0.435000 0.000023 -0.000583
 0.440000 0.000021 -0.000356
 0.445000 0.000020 -0.000158
 0.450000 0.000019 0.000056
 0.455000 0.000020 0.000284
 0.460000 0.000022 0.000519
 0.465000 0.000025 0.000776
 0.470000 0.000030 0.001075
 0.475000 0.000036 0.001408
 0.480000 0.000045 0.001783
 0.485000 0.000055 0.002210
 0.490000 0.000067 0.002695
 0.495000 0.000082 0.003233
 0.500000 0.000100 0.003829
 0.505000 0.000121 0.004504
 0.510000 0.000146 0.005250
 0.515000 0.000175 0.006073
 0.520000 0.000208 0.006974
 0.525000 0.000246 0.007944
 0.530000 0.000289 0.009012
 0.535000 0.000337 0.010175
 0.540000 0.000392 0.011446
 0.545000 0.000453 0.012796
 0.550000 0.000521 0.014249
 0.555000 0.000596 0.015830
 0.560000 0.000680 0.017595
 0.565000 0.000774 0.019506
 0.570000 0.000877 0.021587
 0.575000 0.000991 0.023851
 0.580000 0.001117 0.026324
 0.585000 0.001255 0.029006
 0.590000 0.001409 0.031987
 0.595000 0.001578 0.035204
 0.600000 0.001763 0.038648
 0.605000 0.001967 0.042395
 0.610000 0.002190 0.046365
 0.615000 0.002433 0.050524
 0.620000 0.002698 0.054879
 0.625000 0.002985 0.059396
 0.630000 0.003295 0.064015
 0.635000 0.003628 0.068680
 0.640000 0.003985 0.073392
 0.645000 0.004366 0.078106
 0.650000 0.004770 0.082698
 0.655000 0.005198 0.087282
 0.660000 0.005648 0.091774
 0.665000 0.006120 0.096145
 0.670000 0.006614 0.100486
 0.675000 0.007131 0.104881
 0.680000 0.007669 0.109276
 0.685000 0.008230 0.113905
 0.690000 0.008814 0.118768
 0.695000 0.009423 0.123995
 0.700000 0.010061 0.129862
 0.705000 0.010729 0.136389
 0.710000 0.011435 0.143919
 0.715000 0.012181 0.152439
 0.720000 0.012972 0.162136
 0.725000 0.013818 0.173247
 0.730000 0.014725 0.185966
 0.735000 0.015701 0.200391
 0.740000 0.016760 0.216960
 0.745000 0.017906 0.235441
 0.750000 0.019159 0.256643
 0.755000 0.020535 0.281154
 0.760000 0.022051 0.309442
 0.765000 0.023719 0.341614
 0.770000 0.025573 0.379230
 0.775000 0.027639 0.423286
 0.780000 0.029984 0.477324
 0.785000 0.032657 0.543576
 0.790000 0.035707 0.623703
 0.795000 0.039623 0.750860
 0.800000 0.044028 0.893695
 0.805000 0.049225 1.069970
 0.810000 0.055814 1.317609
 0.815000 0.067784 1.923052
 0.820000 0.078479 2.372187
 0.825000 0.091694 2.934722
 0.830000 0.108056 3.634863
 0.835000 0.128318 4.499977
 0.840000 0.153380 5.560283
 0.845000 0.184299 6.848365
 0.850000 0.222299 8.398293
 0.855000 0.268775 10.244341
 0.860000 0.325290 12.419279
 0.865000 0.393564 14.952281
 0.870000 0.475448 17.866286
 0.875000 0.572885 21.175048
 0.880000 0.687858 24.879842
 0.885000 0.822319 28.966135
 0.890000 0.978099 33.400295
 0.895000 1.156808 38.126663
 0.900000 1.359719 43.065231
 0.905000 1.587638 48.110439
 0.910000 1.840782 53.131046
 0.915000 2.118649 57.971921
 0.920000 2.419909 62.457266
 0.925000 2.742309 66.395929
 0.930000 3.082622 69.588338
 0.935000 3.436615 71.835520
 0.940000 3.799085 72.948997
 0.945000 4.163934 72.761672
 0.950000 4.524305 71.138716
 0.955000 4.872770 67.987979
 0.960000 5.201564 63.268542
 0.965000 5.502864 56.997796
 0.970000 5.769083 49.255070
 0.975000 5.993190 40.181839
 0.980000 6.169012 29.978834
 0.985000 6.291512 18.899087
 0.990000 6.357028 7.237646
 0.995000 6.363454 -4.681446
 1.000000 6.310343 -16.520052
