#! FIELDS cmap hh dhh_cmap
#! SET normalisation  99999.000000
#! SET min_cmap 0
#! SET max_cmap 1
#! SET nbins_cmap  200
#! SET periodic_cmap false
 0.000000 1.273346 3.543556
 0.005000 1.284807 1.030030
 0.010000 1.283598 -1.512381
 0.015000 1.269761 -4.008307
 0.020000 1.243714 -6.384741
 0.025000 1.206226 -8.574547
 0.030000 1.158378 -10.519605
 0.035000 1.101516 -12.173411
 0.040000 1.037185 -13.502779
 0.045000 0.967061 -14.488806
 0.050000 0.892878 -15.126921
 0.055000 0.816358 -15.426103
 0.060000 0.739147 -15.407422
 0.065000 0.662762 -15.101970
 0.070000 0.588541 -14.548454
 0.075000 0.517618 -13.790584
 0.080000 0.450899 -12.874460
 0.085000 0.389060 -11.846177
 0.090000 0.332551 -10.749687
 0.095000 0.281610 -9.625099
 0.100000 0.236288 -8.507410
 0.105000 0.196476 -7.425733
 0.110000 0.161933 -6.402954
 0.115000 0.132320 -5.455786
 0.120000 0.107230 -4.595135
 0.125000 0.086215 -3.826744
 0.130000 0.068807 -3.151926
 0.135000 0.054543 -2.568438
 0.140000 0.042978 -2.071332
 0.145000 0.033697 -1.653764
 0.150000 0.026321 -1.307745
 0.155000 0.020515 -1.024723
 0.160000 0.015984 -0.796119
 0.165000 0.012477 -0.613694
 0.170000 0.009783 -0.469792
 0.175000 0.007726 -0.357527
 0.180000 0.006165 -0.270858
 0.185000 0.004733 -0.186092
 0.190000 0.002559 -0.042218
 0.195000 0.002355 -0.036799
 0.200000 0.002173 -0.031811
 0.205000 0.002017 -0.027883
 0.210000 0.001882 -0.024784
 0.215000 0.001761 -0.021945
 0.220000 0.001654 -0.019603
 0.225000 0.001559 -0.017679
 0.230000 0.001473 -0.015984
 0.235000 0.001395 -0.014514
 0.240000 0.001325 -0.013263
 0.245000 0.001260 -0.012157
 0.250000 0.001200 -0.011237
 0.255000 0.001145 -0.010387
 0.260000 0.001094 -0.009644
 0.265000 0.001047 -0.008943
 0.270000 0.001003 -0.008366
 0.275000 0.000962 -0.007783
 0.280000 0.000925 -0.007229
 0.285000 0.000890 -0.006678
 0.290000 0.000857 -0.006122
 0.295000 0.000827 -0.005580
 0.300000 0.000800 -0.005067
 0.305000 0.000776 -0.004549
 0.310000 0.000754 -0.004047
 0.315000 0.000735 -0.003546
 0.320000 0.000718 -0.003061
 0.325000 0.000704 -0.002629
 0.330000 0.000692 -0.002239
 0.335000 0.000682 -0.001897
 0.340000 0.000673 -0.001616
 0.345000 0.000665 -0.001372
 0.350000 0.000658 -0.001190
 0.355000 0.000652 -0.001094
 0.360000 0.000647 -0.001074
 0.365000 0.000641 -0.001122
 0.370000 0.000636 -0.001216
 0.375000 0.000629 -0.001360
 0.380000 0.000622 -0.001513
 0.385000 0.000614 -0.001706
 0.390000 0.000605 -0.001914
 0.395000 0.000594 -0.002097
 0.400000 0.000583 -0.002274
 0.405000 0.000572 -0.002412
 0.410000 0.000560 -0.002492
 0.415000 0.000547 -0.002515
 0.420000 0.000534 -0.002462
 0.425000 0.000522 -0.002342
 0.430000 0.000511 -0.002148
 0.435000 0.000501 -0.001886
 0.440000 0.000492 -0.001566
 0.445000 0.000485 -0.001202
 0.450000 0.000480 -0.000788
 0.455000 0.000477 -0.000366
 0.460000 0.000477 0.000060
 0.465000 0.000478 0.000483
 0.470000 0.000481 0.000879
 0.475000 0.000487 0.001273
 0.480000 0.000494 0.001609
 0.485000 0.000503 0.001918
 0.490000 0.000514 0.002189
 0.495000 0.000525 0.002420
 0.500000 0.000538 0.002627
 0.505000 0.000552 0.002840
 0.510000 0.000567 0.003053
 0.515000 0.000583 0.003277
 0.520000 0.000601 0.003578
 0.525000 0.000620 0.003920
 0.530000 0.000640 0.004323
 0.535000 0.000664 0.004845
 0.540000 0.000690 0.005505
 0.545000 0.000720 0.006311
 0.550000 0.000754 0.007256
 0.555000 0.000793 0.008366
 0.560000 0.000839 0.009653
 0.565000 0.000891 0.011137
 0.570000 0.000951 0.012778
 0.575000 0.001020 0.014622
 0.580000 0.001098 0.016695
 0.585000 0.001188 0.018923
 0.590000 0.001290 0.021374
 0.595000 0.001404 0.023956
 0.600000 0.001532 0.026680
 0.605000 0.001673 0.029606
 0.610000 0.001830 0.032675
 0.615000 0.002003 0.035884
 0.620000 0.002192 0.039255
 0.625000 0.002398 0.042736
 0.630000 0.002622 0.046364
 0.635000 0.002865 0.050159
 0.640000 0.003128 0.054126
 0.645000 0.003410 0.058228
 0.650000 0.003713 0.062513
 0.655000 0.004040 0.067056
 0.660000 0.004388 0.071792
 0.665000 0.004762 0.076865
 0.670000 0.005162 0.082266
 0.675000 0.005590 0.088067
 0.680000 0.006048 0.094270
 0.685000 0.006538 0.100922
 0.690000 0.007062 0.108137
 0.695000 0.007626 0.116016
 0.700000 0.008230 0.124464
 0.705000 0.008879 0.133628
 0.710000 0.009577 0.143556
 0.715000 0.010325 0.154162
 0.720000 0.011130 0.165596
 0.725000 0.011997 0.177916
 0.730000 0.012930 0.191316
 0.735000 0.013933 0.205618
 0.740000 0.015017 0.221360
 0.745000 0.016183 0.238477
 0.750000 0.017442 0.257232
 0.755000 0.018816 0.278982
 0.760000 0.020314 0.304008
 0.765000 0.021944 0.332366
 0.770000 0.023741 0.366046
 0.775000 0.025731 0.406178
 0.780000 0.027969 0.455759
 0.785000 0.030526 0.518563
 0.790000 0.033442 0.595625
 0.795000 0.037220 0.721147
 0.800000 0.041466 0.862281
 0.805000 0.046507 1.038295
 0.810000 0.052920 1.285162
 0.815000 0.064779 1.895182
 0.820000 0.075342 2.347296
 0.825000 0.088442 2.913701
 0.830000 0.104709 3.618447
 0.835000 0.124902 4.488711
 0.840000 0.149922 5.554594
 0.845000 0.180827 6.848438
 0.850000 0.218842 8.404216
 0.855000 0.265363 10.256118
 0.860000 0.321951 12.436883
 0.865000 0.390328 14.975737
 0.870000 0.472344 17.895787
 0.875000 0.569944 21.210969
 0.880000 0.685115 24.922910
 0.885000 0.819811 29.017486
 0.890000 0.975872 33.461399
 0.895000 1.154916 38.199407
 0.900000 1.358224 43.151929
 0.905000 1.586617 48.213637
 0.910000 1.840324 53.253477
 0.915000 2.118857 58.116212
 0.920000 2.420898 62.625814
 0.925000 2.744207 66.590609
 0.930000 3.085561 69.810392
 0.935000 3.440734 72.085191
 0.940000 3.804520 73.225431
 0.945000 4.170813 73.062709
 0.950000 4.532743 71.460756
 0.955000 4.882860 68.326033
 0.960000 5.213372 63.616371
 0.965000 5.516420 57.348042
 0.970000 5.784379 49.599531
 0.975000 6.010177 40.511844
 0.980000 6.187594 30.285578
 0.985000 6.311551 19.174033
 0.990000 6.378346 7.472895
 0.995000 6.385835 -4.492619
 1.000000 6.333541 -16.382928
