#! FIELDS cmap hh dhh_cmap
#! SET normalisation  99999.000000
#! SET min_cmap 0
#! SET max_cmap 1
#! SET nbins_cmap  200
#! SET periodic_cmap false
 0.000000 2.124137 5.893452
 0.005000 2.143171 1.701776
 0.010000 2.141076 -2.537195
 0.015000 2.117930 -6.697796
 0.020000 2.074432 -10.658292
 0.025000 2.011868 -14.306847
 0.030000 1.932046 -17.546702
 0.035000 1.837212 -20.300447
 0.040000 1.729945 -22.512954
 0.045000 1.613039 -24.152920
 0.050000 1.489384 -25.212949
 0.055000 1.361852 -25.708224
 0.060000 1.233185 -25.674064
 0.065000 1.105908 -25.162459
 0.070000 0.982249 -24.238076
 0.075000 0.864094 -22.973843
 0.080000 0.752949 -21.446675
 0.085000 0.649937 -19.733383
 0.090000 0.555803 -17.907185
 0.095000 0.470942 -16.034854
 0.100000 0.395434 -14.174605
 0.105000 0.329095 -12.374814
 0.110000 0.271521 -10.673487
 0.115000 0.222149 -9.098323
 0.120000 0.180297 -7.667354
 0.125000 0.145219 -6.389989
 0.130000 0.116138 -5.268300
 0.135000 0.092283 -4.298446
 0.140000 0.072914 -3.472101
 0.145000 0.057341 -2.777818
 0.150000 0.044938 -2.202233
 0.155000 0.035145 -1.731125
 0.160000 0.027476 -1.350205
 0.165000 0.021516 -1.045760
 0.170000 0.016913 -0.805101
 0.175000 0.013378 -0.616827
 0.180000 0.010674 -0.470936
 0.185000 0.008192 -0.327863
 0.190000 0.004485 -0.086451
 0.195000 0.004070 -0.075559
 0.200000 0.003698 -0.065331
 0.205000 0.003382 -0.057156
 0.210000 0.003109 -0.050328
 0.215000 0.002866 -0.044186
 0.220000 0.002655 -0.039060
 0.225000 0.002469 -0.034649
 0.230000 0.002301 -0.030758
 0.235000 0.002153 -0.027542
 0.240000 0.002020 -0.024783
 0.245000 0.001899 -0.022480
 0.250000 0.001790 -0.020589
 0.255000 0.001689 -0.019025
 0.260000 0.001595 -0.017749
 0.265000 0.001508 -0.016707
 0.270000 0.001426 -0.015823
 0.275000 0.001348 -0.015025
 0.280000 0.001273 -0.014298
 0.285000 0.001202 -0.013659
 0.290000 0.001134 -0.013121
 0.295000 0.001069 -0.012534
 0.300000 0.001008 -0.011965
 0.305000 0.000948 -0.011378
 0.310000 0.000893 -0.010814
 0.315000 0.000839 -0.010188
 0.320000 0.000789 -0.009584
 0.325000 0.000743 -0.009005
 0.330000 0.000699 -0.008392
 0.335000 0.000658 -0.007795
 0.340000 0.000620 -0.007196
 0.345000 0.000585 -0.006586
 0.350000 0.000554 -0.006011
 0.355000 0.000525 -0.005463
 0.360000 0.000499 -0.004923
 0.365000 0.000476 -0.004374
 0.370000 0.000455 -0.003857
 0.375000 0.000437 -0.003360
 0.380000 0.000421 -0.002883
 0.385000 0.000408 -0.002426
 0.390000 0.000397 -0.002007
 0.395000 0.000388 -0.001624
 0.400000 0.000380 -0.001269
 0.405000 0.000375 -0.000946
 0.410000 0.000371 -0.000663
 0.415000 0.000368 -0.000439
 0.420000 0.000366 -0.000253
 0.425000 0.000365 -0.000117
 0.430000 0.000364 -0.000013
 0.435000 0.000364 0.000031
 0.440000 0.000364 0.000054
 0.445000 0.000365 0.000060
 0.450000 0.000365 0.000059
 0.455000 0.000365 0.000048
 0.460000 0.000366 0.000046
 0.465000 0.000366 0.000059
 0.470000 0.000366 0.000118
 0.475000 0.000367 0.000223
 0.480000 0.000369 0.000361
 0.485000 0.000371 0.000564
 0.490000 0.000375 0.000823
 0.495000 0.000380 0.001145
 0.500000 0.000387 0.001544
 0.505000 0.000396 0.002031
 0.510000 0.000408 0.002598
 0.515000 0.000423 0.003238
 0.520000 0.000442 0.003967
 0.525000 0.000465 0.004790
 0.530000 0.000491 0.005714
 0.535000 0.000523 0.006736
 0.540000 0.000560 0.007861
 0.545000 0.000602 0.009107
 0.550000 0.000651 0.010503
 0.555000 0.000708 0.012090
 0.560000 0.000774 0.013893
 0.565000 0.000849 0.015932
 0.570000 0.000935 0.018212
 0.575000 0.001033 0.020778
 0.580000 0.001145 0.023681
 0.585000 0.001272 0.026846
 0.590000 0.001416 0.030360
 0.595000 0.001578 0.034261
 0.600000 0.001761 0.038488
 0.605000 0.001966 0.043016
 0.610000 0.002194 0.047852
 0.615000 0.002448 0.052971
 0.620000 0.002727 0.058285
 0.625000 0.003033 0.063773
 0.630000 0.003368 0.069415
 0.635000 0.003730 0.075046
 0.640000 0.004122 0.080786
 0.645000 0.004542 0.086477
 0.650000 0.004990 0.092024
 0.655000 0.005466 0.097485
 0.660000 0.005969 0.102789
 0.665000 0.006497 0.107908
 0.670000 0.007050 0.112899
 0.675000 0.007631 0.117905
 0.680000 0.008235 0.122811
 0.685000 0.008864 0.127813
 0.690000 0.009519 0.132888
 0.695000 0.010199 0.138173
 0.700000 0.010907 0.143711
 0.705000 0.011644 0.149665
 0.710000 0.012413 0.156170
 0.715000 0.013216 0.163262
 0.720000 0.014056 0.170929
 0.725000 0.014940 0.179565
 0.730000 0.015870 0.189064
 0.735000 0.016850 0.199557
 0.740000 0.017891 0.211418
 0.745000 0.018998 0.224881
 0.750000 0.020177 0.239883
 0.755000 0.021447 0.257508
 0.760000 0.022819 0.278184
 0.765000 0.024301 0.301870
 0.770000 0.025930 0.330693
 0.775000 0.027718 0.364774
 0.780000 0.029727 0.407641
 0.785000 0.032003 0.461511
 0.790000 0.034594 0.528174
 0.795000 0.037921 0.635926
 0.800000 0.041657 0.757525
 0.805000 0.046070 0.908601
 0.810000 0.051679 1.121755
 0.815000 0.062000 1.649245
 0.820000 0.071184 2.039088
 0.825000 0.082556 2.527631
 0.830000 0.096659 3.135743
 0.835000 0.114152 3.887068
 0.840000 0.135812 4.807788
 0.845000 0.162558 5.926110
 0.850000 0.195451 7.271640
 0.855000 0.235702 8.874210
 0.860000 0.284669 10.762477
 0.865000 0.343845 12.962041
 0.870000 0.414841 15.493173
 0.875000 0.499349 18.368199
 0.880000 0.599098 21.588715
 0.885000 0.715791 25.142656
 0.890000 0.851032 29.001266
 0.895000 1.006231 33.116632
 0.900000 1.182510 37.419635
 0.905000 1.380588 41.818780
 0.910000 1.600669 46.200153
 0.915000 1.842335 50.428799
 0.920000 2.104447 54.351606
 0.925000 2.385062 57.801831
 0.930000 2.681385 60.605272
 0.935000 2.989744 62.587925
 0.940000 3.305618 63.584855
 0.945000 3.623702 63.449515
 0.950000 3.938024 62.063272
 0.955000 4.242109 59.344767
 0.960000 4.529184 55.257328
 0.965000 4.792417 49.814943
 0.970000 5.025182 43.085687
 0.975000 5.221328 35.192236
 0.980000 5.375448 26.308940
 0.985000 5.483129 16.655896
 0.990000 5.541148 6.490224
 0.995000 5.547643 -3.905376
 1.000000 5.502199 -14.235888
