#! FIELDS cmap hh dhh_cmap
#! SET normalisation  99999.000000
#! SET min_cmap 0
#! SET max_cmap 1
#! SET nbins_cmap  200
#! SET periodic_cmap false
 0.000000 0.900516 2.506016
 0.005000 0.908621 0.728305
 0.010000 0.907765 -1.069818
 0.015000 0.897978 -2.835065
 0.020000 0.879555 -4.515781
 0.025000 0.853040 -6.064482
 0.030000 0.819199 -7.440078
 0.035000 0.778983 -8.609667
 0.040000 0.733486 -9.549792
 0.045000 0.683891 -10.247096
 0.050000 0.631425 -10.698343
 0.055000 0.577307 -10.909925
 0.060000 0.522701 -10.896740
 0.065000 0.468678 -10.680791
 0.070000 0.416186 -10.289450
 0.075000 0.366025 -9.753647
 0.080000 0.318836 -9.105979
 0.085000 0.275097 -8.379048
 0.090000 0.235126 -7.603925
 0.095000 0.199091 -6.808959
 0.100000 0.167028 -6.018887
 0.105000 0.138859 -5.254267
 0.110000 0.114415 -4.531288
 0.115000 0.093457 -3.861734
 0.120000 0.075696 -3.253318
 0.125000 0.060815 -2.710073
 0.130000 0.048485 -2.232923
 0.135000 0.038378 -1.820266
 0.140000 0.030181 -1.468613
 0.145000 0.023599 -1.173125
 0.150000 0.018365 -0.928150
 0.155000 0.014243 -0.727656
 0.160000 0.011025 -0.565575
 0.165000 0.008533 -0.436098
 0.170000 0.006619 -0.333814
 0.175000 0.005158 -0.253878
 0.180000 0.004050 -0.192024
 0.185000 0.003037 -0.131552
 0.190000 0.001501 -0.029196
 0.195000 0.001362 -0.024845
 0.200000 0.001239 -0.020699
 0.205000 0.001139 -0.017396
 0.210000 0.001057 -0.014693
 0.215000 0.000987 -0.012303
 0.220000 0.000929 -0.010291
 0.225000 0.000880 -0.008555
 0.230000 0.000840 -0.007043
 0.235000 0.000807 -0.005806
 0.240000 0.000779 -0.004751
 0.245000 0.000757 -0.003896
 0.250000 0.000739 -0.003242
 0.255000 0.000723 -0.002688
 0.260000 0.000710 -0.002305
 0.265000 0.000699 -0.002074
 0.270000 0.000688 -0.001965
 0.275000 0.000678 -0.001939
 0.280000 0.000668 -0.001982
 0.285000 0.000657 -0.002090
 0.290000 0.000646 -0.002256
 0.295000 0.000634 -0.002487
 0.300000 0.000621 -0.002722
 0.305000 0.000606 -0.002949
 0.310000 0.000591 -0.003182
 0.315000 0.000575 -0.003391
 0.320000 0.000557 -0.003573
 0.325000 0.000539 -0.003727
 0.330000 0.000520 -0.003830
 0.335000 0.000500 -0.003887
 0.340000 0.000481 -0.003904
 0.345000 0.000461 -0.003855
 0.350000 0.000442 -0.003758
 0.355000 0.000423 -0.003634
 0.360000 0.000406 -0.003450
 0.365000 0.000389 -0.003242
 0.370000 0.000373 -0.003001
 0.375000 0.000359 -0.002728
 0.380000 0.000346 -0.002446
 0.385000 0.000334 -0.002154
 0.390000 0.000324 -0.001860
 0.395000 0.000316 -0.001564
 0.400000 0.000309 -0.001285
 0.405000 0.000303 -0.001022
 0.410000 0.000298 -0.000781
 0.415000 0.000295 -0.000542
 0.420000 0.000293 -0.000356
 0.425000 0.000292 -0.000187
 0.430000 0.000291 -0.000044
 0.435000 0.000291 0.000082
 0.440000 0.000292 0.000194
 0.445000 0.000293 0.000306
 0.450000 0.000295 0.000378
 0.455000 0.000297 0.000446
 0.460000 0.000300 0.000544
 0.465000 0.000303 0.000636
 0.470000 0.000306 0.000771
 0.475000 0.000311 0.000919
 0.480000 0.000316 0.001120
 0.485000 0.000322 0.001367
 0.490000 0.000330 0.001672
 0.495000 0.000339 0.002061
 0.500000 0.000351 0.002551
 0.505000 0.000366 0.003175
 0.510000 0.000384 0.003908
 0.515000 0.000406 0.004783
 0.520000 0.000433 0.005776
 0.525000 0.000465 0.006922
 0.530000 0.000503 0.008220
 0.535000 0.000548 0.009687
 0.540000 0.000601 0.011308
 0.545000 0.000662 0.013073
 0.550000 0.000733 0.015016
 0.555000 0.000814 0.017115
 0.560000 0.000906 0.019346
 0.565000 0.001009 0.021711
 0.570000 0.001124 0.024181
 0.575000 0.001252 0.026787
 0.580000 0.001394 0.029504
 0.585000 0.001549 0.032304
 0.590000 0.001718 0.035208
 0.595000 0.001902 0.038177
 0.600000 0.002102 0.041240
 0.605000 0.002317 0.044367
 0.610000 0.002547 0.047573
 0.615000 0.002795 0.050843
 0.620000 0.003059 0.054231
 0.625000 0.003340 0.057695
 0.630000 0.003638 0.061186
 0.635000 0.003955 0.064823
 0.640000 0.004291 0.068561
 0.645000 0.004645 0.072366
 0.650000 0.005018 0.076279
 0.655000 0.005412 0.080350
 0.660000 0.005828 0.084611
 0.665000 0.006264 0.089013
 0.670000 0.006723 0.093603
 0.675000 0.007204 0.098400
 0.680000 0.007711 0.103503
 0.685000 0.008245 0.108990
 0.690000 0.008808 0.114916
 0.695000 0.009403 0.121368
 0.700000 0.010030 0.128371
 0.705000 0.010694 0.136014
 0.710000 0.011399 0.144468
 0.715000 0.012150 0.153808
 0.720000 0.012953 0.164296
 0.725000 0.013812 0.175978
 0.730000 0.014736 0.189128
 0.735000 0.015729 0.203647
 0.740000 0.016805 0.220154
 0.745000 0.017970 0.238619
 0.750000 0.019238 0.259622
 0.755000 0.020630 0.284094
 0.760000 0.022163 0.312645
 0.765000 0.023847 0.345116
 0.770000 0.025726 0.383991
 0.775000 0.027819 0.429538
 0.780000 0.030202 0.485998
 0.785000 0.032936 0.556209
 0.790000 0.036078 0.642219
 0.795000 0.040142 0.778680
 0.800000 0.044746 0.933329
 0.805000 0.050189 1.123131
 0.810000 0.057124 1.389328
 0.815000 0.069778 2.034917
 0.820000 0.081109 2.515740
 0.825000 0.095136 3.117128
 0.830000 0.112523 3.864507
 0.835000 0.134072 4.786716
 0.840000 0.160734 5.915597
 0.845000 0.193629 7.285497
 0.850000 0.234050 8.932342
 0.855000 0.283474 10.892307
 0.860000 0.343553 13.200048
 0.865000 0.416105 15.886405
 0.870000 0.503088 18.975692
 0.875000 0.606557 22.482454
 0.880000 0.728610 26.408166
 0.885000 0.871311 30.737505
 0.890000 1.036599 35.435000
 0.895000 1.226177 40.441796
 0.900000 1.441392 45.673268
 0.905000 1.683098 51.017643
 0.910000 1.951525 56.335968
 0.915000 2.246140 61.463893
 0.920000 2.565535 66.215067
 0.925000 2.907324 70.386803
 0.930000 3.268083 73.767645
 0.935000 3.643328 76.146586
 0.940000 4.027543 77.323821
 0.945000 4.414264 77.122106
 0.950000 4.796223 75.398453
 0.955000 5.165544 72.055121
 0.960000 5.513997 67.048841
 0.965000 5.833285 60.398146
 0.970000 6.115371 52.187083
 0.975000 6.352800 42.565931
 0.980000 6.539029 31.747607
 0.985000 6.668722 20.000501
 0.990000 6.738001 7.637515
 0.995000 6.744638 -4.997745
 1.000000 6.688164 -17.546556
