#! FIELDS cmap hh dhh_cmap
#! SET normalisation  99999.000000
#! SET min_cmap 0
#! SET max_cmap 1
#! SET nbins_cmap  200
#! SET periodic_cmap false
 0.000000 0.936869 2.599503
 0.005000 0.945262 0.749633
 0.010000 0.944330 -1.121264
 0.015000 0.934107 -2.957713
 0.020000 0.914900 -4.705963
 0.025000 0.887277 -6.316628
 0.030000 0.852035 -7.746968
 0.035000 0.810165 -8.962776
 0.040000 0.762806 -9.939674
 0.045000 0.711190 -10.663815
 0.050000 0.656595 -11.131872
 0.055000 0.600288 -11.350537
 0.060000 0.543480 -11.335370
 0.065000 0.487286 -11.109296
 0.070000 0.432691 -10.700858
 0.075000 0.380528 -10.142251
 0.080000 0.331463 -9.467432
 0.085000 0.285991 -8.710333
 0.090000 0.244442 -7.903296
 0.095000 0.206992 -7.075821
 0.100000 0.173675 -6.253635
 0.105000 0.144411 -5.458139
 0.110000 0.119021 -4.706122
 0.115000 0.097256 -4.009853
 0.120000 0.078816 -3.377312
 0.125000 0.063370 -2.812674
 0.130000 0.050575 -2.316862
 0.135000 0.040089 -1.888199
 0.140000 0.031587 -1.523024
 0.145000 0.024762 -1.216273
 0.150000 0.019337 -0.962064
 0.155000 0.015064 -0.754105
 0.160000 0.011729 -0.586083
 0.165000 0.009147 -0.451933
 0.170000 0.007163 -0.346050
 0.175000 0.005648 -0.263379
 0.180000 0.004498 -0.199493
 0.185000 0.003443 -0.136963
 0.190000 0.001845 -0.031048
 0.195000 0.001697 -0.026894
 0.200000 0.001561 -0.022802
 0.205000 0.001450 -0.019864
 0.210000 0.001355 -0.017448
 0.215000 0.001270 -0.015330
 0.220000 0.001196 -0.013520
 0.225000 0.001132 -0.012004
 0.230000 0.001074 -0.010687
 0.235000 0.001022 -0.009508
 0.240000 0.000976 -0.008506
 0.245000 0.000935 -0.007633
 0.250000 0.000898 -0.006898
 0.255000 0.000864 -0.006243
 0.260000 0.000834 -0.005669
 0.265000 0.000806 -0.005178
 0.270000 0.000781 -0.004784
 0.275000 0.000758 -0.004453
 0.280000 0.000736 -0.004141
 0.285000 0.000715 -0.003865
 0.290000 0.000696 -0.003682
 0.295000 0.000677 -0.003585
 0.300000 0.000660 -0.003520
 0.305000 0.000642 -0.003494
 0.310000 0.000624 -0.003502
 0.315000 0.000607 -0.003539
 0.320000 0.000588 -0.003583
 0.325000 0.000570 -0.003648
 0.330000 0.000551 -0.003718
 0.335000 0.000533 -0.003801
 0.340000 0.000513 -0.003867
 0.345000 0.000494 -0.003913
 0.350000 0.000474 -0.003932
 0.355000 0.000455 -0.003908
 0.360000 0.000435 -0.003872
 0.365000 0.000416 -0.003788
 0.370000 0.000397 -0.003687
 0.375000 0.000379 -0.003556
 0.380000 0.000361 -0.003409
 0.385000 0.000345 -0.003219
 0.390000 0.000329 -0.003018
 0.395000 0.000315 -0.002815
 0.400000 0.000301 -0.002603
 0.405000 0.000289 -0.002379
 0.410000 0.000277 -0.002163
 0.415000 0.000267 -0.001931
 0.420000 0.000258 -0.001711
 0.425000 0.000250 -0.001498
 0.430000 0.000243 -0.001274
 0.435000 0.000237 -0.001051
 0.440000 0.000232 -0.000818
 0.445000 0.000229 -0.000562
 0.450000 0.000227 -0.000292
 0.455000 0.000226 0.000001
 0.460000 0.000227 0.000319
 0.465000 0.000229 0.000689
 0.470000 0.000234 0.001080
 0.475000 0.000241 0.001525
 0.480000 0.000249 0.001982
 0.485000 0.000261 0.002491
 0.490000 0.000275 0.003006
 0.495000 0.000291 0.003538
 0.500000 0.000310 0.004068
 0.505000 0.000332 0.004611
 0.510000 0.000357 0.005180
 0.515000 0.000385 0.005725
 0.520000 0.000415 0.006280
 0.525000 0.000449 0.006840
 0.530000 0.000485 0.007427
 0.535000 0.000524 0.008017
 0.540000 0.000566 0.008670
 0.545000 0.000611 0.009359
 0.550000 0.000660 0.010185
 0.555000 0.000714 0.011145
 0.560000 0.000773 0.012300
 0.565000 0.000838 0.013672
 0.570000 0.000911 0.015291
 0.575000 0.000993 0.017201
 0.580000 0.001086 0.019472
 0.585000 0.001191 0.022097
 0.590000 0.001310 0.025029
 0.595000 0.001444 0.028335
 0.600000 0.001596 0.032018
 0.605000 0.001767 0.035982
 0.610000 0.001958 0.040282
 0.615000 0.002172 0.044858
 0.620000 0.002410 0.049686
 0.625000 0.002672 0.054686
 0.630000 0.002960 0.059918
 0.635000 0.003275 0.065353
 0.640000 0.003617 0.070857
 0.645000 0.003987 0.076432
 0.650000 0.004385 0.082122
 0.655000 0.004811 0.087917
 0.660000 0.005269 0.093882
 0.665000 0.005755 0.099911
 0.670000 0.006273 0.106165
 0.675000 0.006821 0.112465
 0.680000 0.007403 0.119096
 0.685000 0.008019 0.125952
 0.690000 0.008669 0.133085
 0.695000 0.009355 0.140433
 0.700000 0.010080 0.148157
 0.705000 0.010846 0.156287
 0.710000 0.011652 0.164709
 0.715000 0.012503 0.173625
 0.720000 0.013401 0.182983
 0.725000 0.014348 0.192921
 0.730000 0.015351 0.203670
 0.735000 0.016407 0.214994
 0.740000 0.017530 0.227785
 0.745000 0.018725 0.242060
 0.750000 0.019996 0.258023
 0.755000 0.021367 0.277085
 0.760000 0.022848 0.299553
 0.765000 0.024452 0.325995
 0.770000 0.026219 0.358560
 0.775000 0.028176 0.398354
 0.780000 0.030387 0.448909
 0.785000 0.032915 0.513168
 0.790000 0.035817 0.593217
 0.795000 0.039624 0.724772
 0.800000 0.043927 0.873549
 0.805000 0.049053 1.058397
 0.810000 0.055650 1.320016
 0.815000 0.067955 1.961918
 0.820000 0.078911 2.438611
 0.825000 0.092541 3.035613
 0.830000 0.109509 3.778194
 0.835000 0.130613 4.694893
 0.840000 0.156800 5.817331
 0.845000 0.189185 7.179584
 0.850000 0.229054 8.817404
 0.855000 0.277877 10.766751
 0.860000 0.337299 13.062168
 0.865000 0.409127 15.734448
 0.870000 0.495312 18.807958
 0.875000 0.597900 22.297414
 0.880000 0.718981 26.204453
 0.885000 0.860615 30.514208
 0.890000 1.024736 35.191632
 0.895000 1.213047 40.178474
 0.900000 1.426897 45.390826
 0.905000 1.667147 50.717768
 0.910000 1.934036 56.021205
 0.915000 2.227048 61.137779
 0.920000 2.544793 65.882045
 0.925000 2.884910 70.052259
 0.930000 3.244006 73.437701
 0.935000 3.617626 75.828027
 0.940000 4.000292 77.023814
 0.945000 4.385574 76.848072
 0.950000 4.766242 75.157670
 0.955000 5.134456 71.854358
 0.960000 5.482018 66.894298
 0.965000 5.800659 60.294930
 0.970000 6.082366 52.139009
 0.975000 6.319697 42.575401
 0.980000 6.506119 31.815392
 0.985000 6.636296 20.125658
 0.990000 6.706340 7.817427
 0.995000 6.714005 -4.767032
 1.000000 6.658799 -17.270606
