#! FIELDS cmap hh dhh_cmap
#! SET normalisation  99999.000000
#! SET min_cmap 0
#! SET max_cmap 1
#! SET nbins_cmap  200
#! SET periodic_cmap false
 0.000000 2.234750 6.180565
 0.005000 2.254669 1.767713
 0.010000 2.252344 -2.694571
 0.015000 2.227862 -7.073926
 0.020000 2.181958 -11.242204
 0.025000 2.115989 -15.081642
 0.030000 2.031860 -18.490387
 0.035000 1.931940 -21.386982
 0.040000 1.818942 -23.713442
 0.045000 1.695812 -25.436875
 0.050000 1.565593 -26.549565
 0.055000 1.431309 -27.067579
 0.060000 1.295847 -27.028188
 0.065000 1.161865 -26.486223
 0.070000 1.031710 -25.509820
 0.075000 0.907363 -24.175852
 0.080000 0.790412 -22.565343
 0.085000 0.682036 -20.759235
 0.090000 0.583017 -18.834623
 0.095000 0.493770 -16.861831
 0.100000 0.414377 -14.902143
 0.105000 0.344641 -13.006504
 0.110000 0.284138 -11.214886
 0.115000 0.232270 -9.556420
 0.120000 0.188319 -8.050060
 0.125000 0.151499 -6.705672
 0.130000 0.120989 -5.525401
 0.135000 0.095978 -4.505164
 0.140000 0.075685 -3.636164
 0.145000 0.059384 -2.906317
 0.150000 0.046413 -2.301534
 0.155000 0.036185 -1.806807
 0.160000 0.028187 -1.407077
 0.165000 0.021980 -1.087897
 0.170000 0.017196 -0.835887
 0.175000 0.013529 -0.639018
 0.180000 0.010732 -0.486745
 0.185000 0.008165 -0.337760
 0.190000 0.004288 -0.084071
 0.195000 0.003886 -0.074100
 0.200000 0.003517 -0.064413
 0.205000 0.003204 -0.056889
 0.210000 0.002932 -0.050622
 0.215000 0.002687 -0.045004
 0.220000 0.002471 -0.040269
 0.225000 0.002277 -0.036123
 0.230000 0.002102 -0.032523
 0.235000 0.001945 -0.029441
 0.240000 0.001802 -0.026832
 0.245000 0.001671 -0.024526
 0.250000 0.001552 -0.022655
 0.255000 0.001440 -0.021003
 0.260000 0.001337 -0.019626
 0.265000 0.001241 -0.018444
 0.270000 0.001150 -0.017406
 0.275000 0.001064 -0.016467
 0.280000 0.000983 -0.015626
 0.285000 0.000906 -0.014844
 0.290000 0.000833 -0.014064
 0.295000 0.000764 -0.013276
 0.300000 0.000698 -0.012470
 0.305000 0.000637 -0.011671
 0.310000 0.000581 -0.010849
 0.315000 0.000528 -0.009994
 0.320000 0.000480 -0.009121
 0.325000 0.000436 -0.008276
 0.330000 0.000397 -0.007420
 0.335000 0.000361 -0.006535
 0.340000 0.000331 -0.005695
 0.345000 0.000304 -0.004893
 0.350000 0.000281 -0.004127
 0.355000 0.000262 -0.003408
 0.360000 0.000247 -0.002772
 0.365000 0.000234 -0.002182
 0.370000 0.000224 -0.001659
 0.375000 0.000217 -0.001230
 0.380000 0.000212 -0.000861
 0.385000 0.000208 -0.000567
 0.390000 0.000206 -0.000348
 0.395000 0.000204 -0.000191
 0.400000 0.000204 -0.000094
 0.405000 0.000203 -0.000044
 0.410000 0.000203 -0.000050
 0.415000 0.000202 -0.000101
 0.420000 0.000202 -0.000159
 0.425000 0.000201 -0.000244
 0.430000 0.000200 -0.000339
 0.435000 0.000198 -0.000404
 0.440000 0.000195 -0.000464
 0.445000 0.000193 -0.000468
 0.450000 0.000191 -0.000460
 0.455000 0.000188 -0.000377
 0.460000 0.000187 -0.000246
 0.465000 0.000186 -0.000040
 0.470000 0.000186 0.000243
 0.475000 0.000189 0.000608
 0.480000 0.000193 0.001055
 0.485000 0.000200 0.001588
 0.490000 0.000209 0.002183
 0.495000 0.000222 0.002848
 0.500000 0.000238 0.003561
 0.505000 0.000257 0.004314
 0.510000 0.000281 0.005105
 0.515000 0.000309 0.005918
 0.520000 0.000340 0.006717
 0.525000 0.000376 0.007494
 0.530000 0.000416 0.008243
 0.535000 0.000459 0.008960
 0.540000 0.000506 0.009615
 0.545000 0.000555 0.010205
 0.550000 0.000608 0.010735
 0.555000 0.000663 0.011175
 0.560000 0.000720 0.011563
 0.565000 0.000779 0.011871
 0.570000 0.000840 0.012155
 0.575000 0.000902 0.012398
 0.580000 0.000965 0.012628
 0.585000 0.001029 0.012894
 0.590000 0.001096 0.013256
 0.595000 0.001164 0.013660
 0.600000 0.001234 0.014174
 0.605000 0.001307 0.014870
 0.610000 0.001384 0.015774
 0.615000 0.001467 0.016912
 0.620000 0.001556 0.018325
 0.625000 0.001653 0.020077
 0.630000 0.001760 0.022227
 0.635000 0.001878 0.024751
 0.640000 0.002011 0.027728
 0.645000 0.002159 0.031167
 0.650000 0.002326 0.035062
 0.655000 0.002513 0.039467
 0.660000 0.002724 0.044403
 0.665000 0.002961 0.049906
 0.670000 0.003228 0.055920
 0.675000 0.003525 0.062481
 0.680000 0.003858 0.069589
 0.685000 0.004227 0.077200
 0.690000 0.004635 0.085302
 0.695000 0.005086 0.093954
 0.700000 0.005582 0.103059
 0.705000 0.006125 0.112625
 0.710000 0.006717 0.122675
 0.715000 0.007360 0.133121
 0.720000 0.008060 0.144175
 0.725000 0.008814 0.155528
 0.730000 0.009631 0.167669
 0.735000 0.010510 0.180399
 0.740000 0.011458 0.194152
 0.745000 0.012484 0.209203
 0.750000 0.013587 0.225510
 0.755000 0.014791 0.244489
 0.760000 0.016103 0.266269
 0.765000 0.017529 0.291035
 0.770000 0.019107 0.321021
 0.775000 0.020850 0.356401
 0.780000 0.022818 0.400608
 0.785000 0.025072 0.456837
 0.790000 0.027634 0.525024
 0.795000 0.030940 0.634502
 0.800000 0.034676 0.758852
 0.805000 0.039100 0.912745
 0.810000 0.044734 1.128917
 0.815000 0.055000 1.652506
 0.820000 0.064202 2.043036
 0.825000 0.075593 2.531294
 0.830000 0.089712 3.137732
 0.835000 0.107206 3.885501
 0.840000 0.128845 4.800175
 0.845000 0.155532 5.909348
 0.850000 0.188310 7.241903
 0.855000 0.228371 8.826901
 0.860000 0.277046 10.692234
 0.865000 0.335802 12.862694
 0.870000 0.406215 15.357847
 0.875000 0.489942 18.189463
 0.880000 0.588673 21.358702
 0.885000 0.704071 24.853237
 0.890000 0.837700 28.644490
 0.895000 0.990932 32.685054
 0.900000 1.164853 36.906745
 0.905000 1.360152 41.219461
 0.910000 1.577013 45.511226
 0.915000 1.815009 49.649527
 0.920000 2.073002 53.484077
 0.925000 2.349070 56.851473
 0.930000 2.640453 59.581058
 0.935000 2.943533 61.502624
 0.940000 3.253861 62.454805
 0.945000 3.566224 62.294484
 0.950000 3.874756 60.906146
 0.955000 4.173101 58.210642
 0.960000 4.454619 54.172726
 0.965000 4.712611 48.807032
 0.970000 4.940584 42.181143
 0.975000 5.132518 34.415988
 0.980000 5.283126 25.683118
 0.985000 5.388092 16.198905
 0.990000 5.444279 6.215767
 0.995000 5.449876 -3.988884
 1.000000 5.404499 -14.125715
