#! FIELDS cmap hh dhh_cmap
#! SET normalisation  99999.000000
#! SET min_cmap 0
#! SET max_cmap 1
#! SET nbins_cmap  200
#! SET periodic_cmap false
 0.000000 2.290077 6.396820
 0.005000 2.310811 1.876761
 0.010000 2.308757 -2.695808
 0.015000 2.283992 -7.185320
 0.020000 2.237262 -11.460387
 0.025000 2.169948 -15.400224
 0.030000 2.083994 -18.900252
 0.035000 1.981819 -21.876730
 0.040000 1.866201 -24.269910
 0.045000 1.740151 -26.045729
 0.050000 1.606787 -27.195904
 0.055000 1.469209 -27.736528
 0.060000 1.330376 -27.705445
 0.065000 1.193015 -27.158549
 0.070000 1.059535 -26.165420
 0.075000 0.931974 -24.804635
 0.080000 0.811963 -23.159103
 0.085000 0.700719 -21.311697
 0.090000 0.599051 -19.341436
 0.095000 0.507389 -17.320450
 0.100000 0.425826 -15.311664
 0.105000 0.354164 -13.367415
 0.110000 0.291975 -11.528857
 0.115000 0.238649 -9.826046
 0.120000 0.193455 -8.278603
 0.125000 0.155586 -6.896838
 0.130000 0.124206 -5.683127
 0.135000 0.098481 -4.633464
 0.140000 0.077613 -3.738970
 0.145000 0.060853 -2.987375
 0.150000 0.047525 -2.364328
 0.155000 0.037021 -1.854503
 0.160000 0.028817 -1.442501
 0.165000 0.022458 -1.113514
 0.170000 0.017566 -0.853829
 0.175000 0.013825 -0.651082
 0.180000 0.010979 -0.494431
 0.185000 0.008379 -0.342036
 0.190000 0.004422 -0.081539
 0.195000 0.004030 -0.071387
 0.200000 0.003673 -0.061802
 0.205000 0.003372 -0.054629
 0.210000 0.003108 -0.048793
 0.215000 0.002871 -0.043619
 0.220000 0.002659 -0.039320
 0.225000 0.002469 -0.035661
 0.230000 0.002294 -0.032399
 0.235000 0.002136 -0.029693
 0.240000 0.001991 -0.027341
 0.245000 0.001857 -0.025260
 0.250000 0.001734 -0.023489
 0.255000 0.001619 -0.021871
 0.260000 0.001511 -0.020379
 0.265000 0.001411 -0.019166
 0.270000 0.001316 -0.017932
 0.275000 0.001228 -0.016870
 0.280000 0.001145 -0.015859
 0.285000 0.001068 -0.014914
 0.290000 0.000995 -0.014033
 0.295000 0.000926 -0.013165
 0.300000 0.000862 -0.012319
 0.305000 0.000802 -0.011513
 0.310000 0.000747 -0.010729
 0.315000 0.000695 -0.009958
 0.320000 0.000646 -0.009181
 0.325000 0.000602 -0.008410
 0.330000 0.000561 -0.007679
 0.335000 0.000524 -0.006994
 0.340000 0.000491 -0.006305
 0.345000 0.000461 -0.005649
 0.350000 0.000434 -0.005005
 0.355000 0.000410 -0.004389
 0.360000 0.000389 -0.003788
 0.365000 0.000372 -0.003198
 0.370000 0.000357 -0.002625
 0.375000 0.000345 -0.002079
 0.380000 0.000336 -0.001562
 0.385000 0.000330 -0.001045
 0.390000 0.000326 -0.000562
 0.395000 0.000324 -0.000103
 0.400000 0.000325 0.000356
 0.405000 0.000328 0.000770
 0.410000 0.000334 0.001242
 0.415000 0.000342 0.001686
 0.420000 0.000353 0.002186
 0.425000 0.000366 0.002713
 0.430000 0.000382 0.003314
 0.435000 0.000400 0.003909
 0.440000 0.000421 0.004638
 0.445000 0.000447 0.005509
 0.450000 0.000477 0.006569
 0.455000 0.000513 0.007893
 0.460000 0.000556 0.009475
 0.465000 0.000608 0.011406
 0.470000 0.000671 0.013724
 0.475000 0.000746 0.016435
 0.480000 0.000836 0.019593
 0.485000 0.000943 0.023207
 0.490000 0.001070 0.027266
 0.495000 0.001217 0.031747
 0.500000 0.001388 0.036585
 0.505000 0.001584 0.041685
 0.510000 0.001806 0.046996
 0.515000 0.002055 0.052373
 0.520000 0.002330 0.057652
 0.525000 0.002631 0.062691
 0.530000 0.002957 0.067319
 0.535000 0.003305 0.071358
 0.540000 0.003670 0.074587
 0.545000 0.004049 0.076856
 0.550000 0.004437 0.078042
 0.555000 0.004829 0.078073
 0.560000 0.005217 0.076781
 0.565000 0.005595 0.074205
 0.570000 0.005957 0.070342
 0.575000 0.006297 0.065323
 0.580000 0.006610 0.059256
 0.585000 0.006890 0.052327
 0.590000 0.007134 0.044791
 0.595000 0.007339 0.036870
 0.600000 0.007503 0.028809
 0.605000 0.007628 0.020993
 0.610000 0.007715 0.013632
 0.615000 0.007768 0.007028
 0.620000 0.007789 0.001374
 0.625000 0.007785 -0.003110
 0.630000 0.007762 -0.006361
 0.635000 0.007727 -0.008168
 0.640000 0.007685 -0.008583
 0.645000 0.007646 -0.007610
 0.650000 0.007614 -0.005307
 0.655000 0.007598 -0.001742
 0.660000 0.007602 0.002907
 0.665000 0.007633 0.008567
 0.670000 0.007693 0.015009
 0.675000 0.007788 0.022160
 0.680000 0.007919 0.029843
 0.685000 0.008091 0.038022
 0.690000 0.008304 0.046483
 0.695000 0.008562 0.055373
 0.700000 0.008864 0.064498
 0.705000 0.009214 0.073931
 0.710000 0.009612 0.083753
 0.715000 0.010060 0.093938
 0.720000 0.010561 0.104551
 0.725000 0.011118 0.115844
 0.730000 0.011736 0.127994
 0.735000 0.012417 0.140992
 0.740000 0.013171 0.155345
 0.745000 0.014003 0.171214
 0.750000 0.014918 0.188628
 0.755000 0.015935 0.208637
 0.760000 0.017070 0.231911
 0.765000 0.018326 0.258287
 0.770000 0.019747 0.290061
 0.775000 0.021339 0.327240
 0.780000 0.023166 0.373094
 0.785000 0.025271 0.429592
 0.790000 0.027694 0.497929
 0.795000 0.030859 0.606770
 0.800000 0.034441 0.728879
 0.805000 0.038700 0.879518
 0.810000 0.044154 1.091344
 0.815000 0.054195 1.607709
 0.820000 0.063155 1.990611
 0.825000 0.074261 2.469408
 0.830000 0.088042 3.064436
 0.835000 0.105137 3.798653
 0.840000 0.126303 4.697477
 0.845000 0.152431 5.788388
 0.850000 0.184554 7.100097
 0.855000 0.223848 8.661556
 0.860000 0.271631 10.500544
 0.865000 0.329356 12.641828
 0.870000 0.398586 15.104969
 0.875000 0.480962 17.901921
 0.880000 0.578163 21.034068
 0.885000 0.691842 24.489494
 0.890000 0.823551 28.240202
 0.895000 0.974658 32.239521
 0.900000 1.146248 36.420231
 0.905000 1.339014 40.693316
 0.910000 1.553151 44.948138
 0.915000 1.788247 49.053653
 0.920000 2.043190 52.861197
 0.925000 2.316091 56.208797
 0.930000 2.604229 58.927489
 0.935000 2.904035 60.848407
 0.940000 3.211114 61.811529
 0.945000 3.520314 61.674635
 0.950000 3.825832 60.322755
 0.955000 4.121380 57.676920
 0.960000 4.400380 53.701578
 0.965000 4.656199 48.410454
 0.970000 4.882398 41.869873
 0.975000 5.073008 34.198849
 0.980000 5.222779 25.566760
 0.985000 5.327425 16.187348
 0.990000 5.383819 6.310343
 0.995000 5.390153 -3.789904
 1.000000 5.346023 -13.826576
