#! FIELDS cmap hh dhh_cmap
#! SET normalisation  99999.000000
#! SET min_cmap 0
#! SET max_cmap 1
#! SET nbins_cmap  200
#! SET periodic_cmap false
 0.000000 1.118280 3.092530
 0.005000 1.128245 0.883795
 0.010000 1.127077 -1.349714
 0.015000 1.114817 -3.541747
 0.020000 1.091836 -5.628129
 0.025000 1.058811 -7.549925
 0.030000 1.016697 -9.256139
 0.035000 0.966678 -10.705975
 0.040000 0.910113 -11.870406
 0.045000 0.848478 -12.732953
 0.050000 0.783294 -13.289767
 0.055000 0.716077 -13.548878
 0.060000 0.648271 -13.528951
 0.065000 0.581207 -13.257431
 0.070000 0.516060 -12.768421
 0.075000 0.453822 -12.100423
 0.080000 0.395286 -11.294006
 0.085000 0.341045 -10.389671
 0.090000 0.291488 -9.426036
 0.095000 0.246824 -8.438289
 0.100000 0.207094 -7.457117
 0.105000 0.172199 -6.508010
 0.110000 0.141927 -5.610978
 0.115000 0.115978 -4.780596
 0.120000 0.093994 -4.026348
 0.125000 0.075579 -3.353167
 0.130000 0.060325 -2.762124
 0.135000 0.047825 -2.251164
 0.140000 0.037687 -1.815899
 0.145000 0.029549 -1.450278
 0.150000 0.023080 -1.147248
 0.155000 0.017985 -0.899316
 0.160000 0.014008 -0.698952
 0.165000 0.010929 -0.538937
 0.170000 0.008562 -0.412588
 0.175000 0.006757 -0.313898
 0.180000 0.005386 -0.237604
 0.185000 0.004132 -0.163068
 0.190000 0.002220 -0.036055
 0.195000 0.002048 -0.031292
 0.200000 0.001893 -0.026825
 0.205000 0.001763 -0.023476
 0.210000 0.001650 -0.020784
 0.215000 0.001549 -0.018436
 0.220000 0.001458 -0.016605
 0.225000 0.001378 -0.015215
 0.230000 0.001303 -0.014071
 0.235000 0.001235 -0.013232
 0.240000 0.001169 -0.012535
 0.245000 0.001107 -0.012001
 0.250000 0.001048 -0.011597
 0.255000 0.000989 -0.011210
 0.260000 0.000933 -0.010909
 0.265000 0.000879 -0.010637
 0.270000 0.000826 -0.010296
 0.275000 0.000774 -0.009927
 0.280000 0.000724 -0.009615
 0.285000 0.000677 -0.009256
 0.290000 0.000632 -0.008858
 0.295000 0.000588 -0.008389
 0.300000 0.000547 -0.007910
 0.305000 0.000508 -0.007388
 0.310000 0.000473 -0.006847
 0.315000 0.000440 -0.006319
 0.320000 0.000409 -0.005773
 0.325000 0.000382 -0.005222
 0.330000 0.000356 -0.004671
 0.335000 0.000334 -0.004151
 0.340000 0.000315 -0.003656
 0.345000 0.000298 -0.003172
 0.350000 0.000283 -0.002720
 0.355000 0.000270 -0.002296
 0.360000 0.000260 -0.001895
 0.365000 0.000251 -0.001530
 0.370000 0.000244 -0.001196
 0.375000 0.000239 -0.000909
 0.380000 0.000235 -0.000668
 0.385000 0.000232 -0.000453
 0.390000 0.000230 -0.000299
 0.395000 0.000229 -0.000185
 0.400000 0.000228 -0.000103
 0.405000 0.000228 -0.000058
 0.410000 0.000227 -0.000039
 0.415000 0.000227 -0.000049
 0.420000 0.000227 -0.000077
 0.425000 0.000226 -0.000125
 0.430000 0.000226 -0.000167
 0.435000 0.000225 -0.000195
 0.440000 0.000223 -0.000223
 0.445000 0.000222 -0.000241
 0.450000 0.000221 -0.000219
 0.455000 0.000220 -0.000177
 0.460000 0.000219 -0.000108
 0.465000 0.000219 0.000002
 0.470000 0.000220 0.000147
 0.475000 0.000221 0.000328
 0.480000 0.000223 0.000542
 0.485000 0.000227 0.000804
 0.490000 0.000232 0.001085
 0.495000 0.000238 0.001418
 0.500000 0.000246 0.001770
 0.505000 0.000256 0.002161
 0.510000 0.000268 0.002573
 0.515000 0.000282 0.003037
 0.520000 0.000299 0.003545
 0.525000 0.000319 0.004108
 0.530000 0.000341 0.004705
 0.535000 0.000366 0.005348
 0.540000 0.000396 0.006104
 0.545000 0.000428 0.006923
 0.550000 0.000466 0.007854
 0.555000 0.000508 0.008884
 0.560000 0.000555 0.010066
 0.565000 0.000610 0.011441
 0.570000 0.000672 0.012964
 0.575000 0.000742 0.014715
 0.580000 0.000821 0.016676
 0.585000 0.000910 0.018849
 0.590000 0.001012 0.021331
 0.595000 0.001127 0.024064
 0.600000 0.001255 0.027030
 0.605000 0.001399 0.030293
 0.610000 0.001560 0.033809
 0.615000 0.001740 0.037643
 0.620000 0.001940 0.041747
 0.625000 0.002161 0.046105
 0.630000 0.002405 0.050733
 0.635000 0.002673 0.055654
 0.640000 0.002965 0.060797
 0.645000 0.003284 0.066194
 0.650000 0.003631 0.071864
 0.655000 0.004007 0.077810
 0.660000 0.004414 0.084034
 0.665000 0.004853 0.090597
 0.670000 0.005326 0.097495
 0.675000 0.005833 0.104723
 0.680000 0.006378 0.112333
 0.685000 0.006963 0.120376
 0.690000 0.007588 0.128827
 0.695000 0.008257 0.137786
 0.700000 0.008975 0.147350
 0.705000 0.009741 0.157416
 0.710000 0.010559 0.168068
 0.715000 0.011432 0.179289
 0.720000 0.012366 0.191326
 0.725000 0.013361 0.203937
 0.730000 0.014425 0.217502
 0.735000 0.015559 0.231881
 0.740000 0.016772 0.247553
 0.745000 0.018071 0.264632
 0.750000 0.019463 0.283448
 0.755000 0.020967 0.305110
 0.760000 0.022595 0.330005
 0.765000 0.024359 0.358627
 0.770000 0.026293 0.392880
 0.775000 0.028422 0.433673
 0.780000 0.030808 0.484563
 0.785000 0.033514 0.548650
 0.790000 0.036581 0.627019
 0.795000 0.040528 0.754933
 0.800000 0.044967 0.899760
 0.805000 0.050203 1.079155
 0.810000 0.056868 1.332982
 0.815000 0.069079 1.956304
 0.820000 0.079972 2.418775
 0.825000 0.093461 2.998114
 0.830000 0.110189 3.718957
 0.835000 0.130932 4.609113
 0.840000 0.156613 5.699347
 0.845000 0.188314 7.022847
 0.850000 0.227288 8.614351
 0.855000 0.274962 10.508817
 0.860000 0.332937 12.739821
 0.865000 0.402971 15.337196
 0.870000 0.486958 18.324591
 0.875000 0.586890 21.716211
 0.880000 0.704797 25.513672
 0.885000 0.842679 29.702389
 0.890000 1.002416 34.248237
 0.895000 1.185662 39.094490
 0.900000 1.393726 44.159573
 0.905000 1.627443 49.335662
 0.910000 1.887044 54.488486
 0.915000 2.172025 59.459203
 0.920000 2.481033 64.067581
 0.925000 2.811770 68.117566
 0.930000 3.160934 71.404420
 0.935000 3.524198 73.723602
 0.940000 3.896232 74.881404
 0.945000 4.270786 74.705734
 0.950000 4.640830 73.057558
 0.955000 4.998742 69.841541
 0.960000 5.336554 65.014928
 0.965000 5.646229 58.594656
 0.970000 5.919973 50.661397
 0.975000 6.150556 41.359722
 0.980000 6.331625 30.895136
 0.985000 6.457994 19.526837
 0.990000 6.525885 7.557415
 0.995000 6.533116 -4.680413
 1.000000 6.479208 -16.839402
