#! FIELDS cmap hh dhh_cmap
#! SET normalisation  99999.000000
#! SET min_cmap 0
#! SET max_cmap 1
#! SET nbins_cmap  200
#! SET periodic_cmap false
 0.000000 2.067862 5.720248
 0.005000 2.086301 1.637574
 0.010000 2.084162 -2.490787
 0.015000 2.061522 -6.542438
 0.020000 2.019063 -10.398816
 0.025000 1.958041 -13.950965
 0.030000 1.880219 -17.104708
 0.035000 1.787785 -19.784679
 0.040000 1.683253 -21.937241
 0.045000 1.569344 -23.531983
 0.050000 1.448876 -24.561749
 0.055000 1.324645 -25.041415
 0.060000 1.199322 -25.005442
 0.065000 1.075366 -24.504549
 0.070000 0.954947 -23.601757
 0.075000 0.839900 -22.368159
 0.080000 0.731692 -20.878695
 0.085000 0.631414 -19.208198
 0.090000 0.539792 -17.428009
 0.095000 0.457209 -15.603141
 0.100000 0.383741 -13.790318
 0.105000 0.319206 -12.036630
 0.110000 0.263214 -10.379082
 0.115000 0.215210 -8.844634
 0.120000 0.174532 -7.450831
 0.125000 0.140452 -6.206812
 0.130000 0.112211 -5.114592
 0.135000 0.089059 -4.170409
 0.140000 0.070274 -3.366136
 0.145000 0.055183 -2.690617
 0.150000 0.043175 -2.130837
 0.155000 0.033705 -1.672904
 0.160000 0.026299 -1.302905
 0.165000 0.020552 -1.007466
 0.170000 0.016121 -0.774201
 0.175000 0.012725 -0.591956
 0.180000 0.010133 -0.450992
 0.185000 0.007754 -0.312919
 0.190000 0.004165 -0.078135
 0.195000 0.003791 -0.068747
 0.200000 0.003451 -0.059714
 0.205000 0.003162 -0.052391
 0.210000 0.002912 -0.046289
 0.215000 0.002690 -0.040645
 0.220000 0.002495 -0.035662
 0.225000 0.002325 -0.031325
 0.230000 0.002176 -0.027386
 0.235000 0.002045 -0.023893
 0.240000 0.001931 -0.020789
 0.245000 0.001832 -0.018110
 0.250000 0.001745 -0.015746
 0.255000 0.001670 -0.013751
 0.260000 0.001604 -0.011999
 0.265000 0.001546 -0.010569
 0.270000 0.001495 -0.009347
 0.275000 0.001450 -0.008394
 0.280000 0.001409 -0.007657
 0.285000 0.001371 -0.007083
 0.290000 0.001337 -0.006661
 0.295000 0.001304 -0.006362
 0.300000 0.001272 -0.006141
 0.305000 0.001240 -0.006017
 0.310000 0.001210 -0.005977
 0.315000 0.001180 -0.005959
 0.320000 0.001149 -0.006025
 0.325000 0.001119 -0.006113
 0.330000 0.001088 -0.006219
 0.335000 0.001056 -0.006340
 0.340000 0.001024 -0.006478
 0.345000 0.000991 -0.006612
 0.350000 0.000957 -0.006755
 0.355000 0.000923 -0.006870
 0.360000 0.000888 -0.006990
 0.365000 0.000853 -0.007100
 0.370000 0.000817 -0.007176
 0.375000 0.000780 -0.007212
 0.380000 0.000744 -0.007223
 0.385000 0.000708 -0.007190
 0.390000 0.000672 -0.007066
 0.395000 0.000638 -0.006892
 0.400000 0.000604 -0.006635
 0.405000 0.000572 -0.006282
 0.410000 0.000542 -0.005848
 0.415000 0.000515 -0.005290
 0.420000 0.000490 -0.004640
 0.425000 0.000469 -0.003916
 0.430000 0.000453 -0.003046
 0.435000 0.000440 -0.002155
 0.440000 0.000432 -0.001164
 0.445000 0.000429 -0.000071
 0.450000 0.000431 0.001136
 0.455000 0.000440 0.002462
 0.460000 0.000456 0.003912
 0.465000 0.000479 0.005496
 0.470000 0.000511 0.007256
 0.475000 0.000552 0.009184
 0.480000 0.000603 0.011297
 0.485000 0.000665 0.013624
 0.490000 0.000739 0.016177
 0.495000 0.000827 0.018931
 0.500000 0.000930 0.021874
 0.505000 0.001047 0.024981
 0.510000 0.001180 0.028236
 0.515000 0.001330 0.031483
 0.520000 0.001495 0.034718
 0.525000 0.001677 0.037820
 0.530000 0.001873 0.040695
 0.535000 0.002084 0.043251
 0.540000 0.002306 0.045390
 0.545000 0.002537 0.046940
 0.550000 0.002775 0.047870
 0.555000 0.003015 0.048061
 0.560000 0.003254 0.047493
 0.565000 0.003489 0.046128
 0.570000 0.003715 0.044026
 0.575000 0.003929 0.041142
 0.580000 0.004126 0.037645
 0.585000 0.004305 0.033617
 0.590000 0.004463 0.029235
 0.595000 0.004599 0.024617
 0.600000 0.004711 0.020022
 0.605000 0.004801 0.015590
 0.610000 0.004869 0.011474
 0.615000 0.004918 0.007905
 0.620000 0.004951 0.005035
 0.625000 0.004972 0.002993
 0.630000 0.004985 0.001908
 0.635000 0.004996 0.001812
 0.640000 0.005008 0.002726
 0.645000 0.005027 0.004668
 0.650000 0.005059 0.007679
 0.655000 0.005109 0.011652
 0.660000 0.005181 0.016510
 0.665000 0.005278 0.022155
 0.670000 0.005407 0.028602
 0.675000 0.005571 0.035788
 0.680000 0.005771 0.043575
 0.685000 0.006013 0.051986
 0.690000 0.006297 0.060880
 0.695000 0.006629 0.070356
 0.700000 0.007009 0.080330
 0.705000 0.007439 0.090800
 0.710000 0.007926 0.101929
 0.715000 0.008470 0.113664
 0.720000 0.009075 0.126109
 0.725000 0.009745 0.139292
 0.730000 0.010485 0.153481
 0.735000 0.011300 0.168644
 0.740000 0.012201 0.185433
 0.745000 0.013190 0.203701
 0.750000 0.014278 0.223904
 0.755000 0.015482 0.246904
 0.760000 0.016816 0.273201
 0.765000 0.018289 0.302887
 0.770000 0.019940 0.338156
 0.775000 0.021784 0.379217
 0.780000 0.023881 0.429338
 0.785000 0.026288 0.491216
 0.790000 0.029045 0.565912
 0.795000 0.032587 0.682821
 0.800000 0.036586 0.814071
 0.805000 0.041303 0.974684
 0.810000 0.047270 1.198140
 0.815000 0.058047 1.739634
 0.820000 0.067713 2.141712
 0.825000 0.079629 2.643159
 0.830000 0.094345 3.264945
 0.835000 0.112519 4.030749
 0.840000 0.134936 4.966829
 0.845000 0.162518 6.101536
 0.850000 0.196332 7.464583
 0.855000 0.237594 9.085943
 0.860000 0.287669 10.994393
 0.865000 0.348059 13.215624
 0.870000 0.420380 15.769996
 0.875000 0.506334 18.669950
 0.880000 0.607658 21.916967
 0.885000 0.726063 25.498922
 0.890000 0.863158 29.386858
 0.895000 1.020361 33.532512
 0.900000 1.198797 37.866267
 0.905000 1.399184 42.295948
 0.910000 1.621725 46.706781
 0.915000 1.865994 50.962829
 0.920000 2.130838 54.909770
 0.925000 2.414297 58.379624
 0.930000 2.713546 61.196832
 0.935000 3.024883 63.186131
 0.940000 3.343748 64.181096
 0.945000 3.664788 64.034093
 0.950000 3.981983 62.625593
 0.955000 4.288800 59.873463
 0.960000 4.578411 55.740674
 0.965000 4.843924 50.241477
 0.970000 5.078657 43.444485
 0.975000 5.276407 35.473341
 0.980000 5.431722 26.503986
 0.985000 5.540149 16.758494
 0.990000 5.598441 6.496210
 0.995000 5.604720 -3.997668
 1.000000 5.558570 -14.425414
