#! FIELDS cmap hh dhh_cmap
#! SET normalisation  99999.000000
#! SET min_cmap 0
#! SET max_cmap 1
#! SET nbins_cmap  200
#! SET periodic_cmap false
 0.000000 1.455999 4.059846
 0.005000 1.469144 1.185240
 0.010000 1.467796 -1.722647
 0.015000 1.452006 -4.577599
 0.020000 1.422249 -7.296076
 0.025000 1.379401 -9.801281
 0.030000 1.324703 -12.026721
 0.035000 1.259690 -13.919141
 0.040000 1.186131 -15.440574
 0.045000 1.105940 -16.569362
 0.050000 1.021101 -17.300243
 0.055000 0.933584 -17.643466
 0.060000 0.845273 -17.623095
 0.065000 0.757901 -17.274660
 0.070000 0.673000 -16.642420
 0.075000 0.591866 -15.776337
 0.080000 0.515538 -14.729136
 0.085000 0.444789 -13.553517
 0.090000 0.380133 -12.299743
 0.095000 0.321845 -11.013680
 0.100000 0.269983 -9.735363
 0.105000 0.224423 -8.498098
 0.110000 0.184890 -7.328076
 0.115000 0.150997 -6.244430
 0.120000 0.122280 -5.259668
 0.125000 0.098225 -4.380373
 0.130000 0.078298 -3.608075
 0.135000 0.061970 -2.940241
 0.140000 0.048731 -2.371248
 0.145000 0.038106 -1.893296
 0.150000 0.029661 -1.497254
 0.155000 0.023013 -1.173368
 0.160000 0.017824 -0.911829
 0.165000 0.013806 -0.703202
 0.170000 0.010718 -0.538732
 0.175000 0.008359 -0.410528
 0.180000 0.006564 -0.311664
 0.185000 0.004926 -0.215720
 0.190000 0.002411 -0.050268
 0.195000 0.002168 -0.044552
 0.200000 0.001946 -0.039195
 0.205000 0.001754 -0.035095
 0.210000 0.001584 -0.031697
 0.215000 0.001430 -0.028572
 0.220000 0.001291 -0.025901
 0.225000 0.001166 -0.023448
 0.230000 0.001052 -0.021130
 0.235000 0.000950 -0.019081
 0.240000 0.000858 -0.017089
 0.245000 0.000774 -0.015185
 0.250000 0.000702 -0.013503
 0.255000 0.000637 -0.011889
 0.260000 0.000580 -0.010344
 0.265000 0.000531 -0.008953
 0.270000 0.000489 -0.007677
 0.275000 0.000453 -0.006488
 0.280000 0.000423 -0.005407
 0.285000 0.000398 -0.004415
 0.290000 0.000378 -0.003531
 0.295000 0.000362 -0.002778
 0.300000 0.000350 -0.002123
 0.305000 0.000340 -0.001551
 0.310000 0.000333 -0.001088
 0.315000 0.000329 -0.000703
 0.320000 0.000326 -0.000405
 0.325000 0.000324 -0.000172
 0.330000 0.000324 0.000010
 0.335000 0.000324 0.000175
 0.340000 0.000325 0.000266
 0.345000 0.000326 0.000332
 0.350000 0.000328 0.000375
 0.355000 0.000330 0.000387
 0.360000 0.000331 0.000401
 0.365000 0.000333 0.000405
 0.370000 0.000335 0.000436
 0.375000 0.000338 0.000443
 0.380000 0.000340 0.000466
 0.385000 0.000342 0.000511
 0.390000 0.000345 0.000545
 0.395000 0.000347 0.000583
 0.400000 0.000350 0.000637
 0.405000 0.000354 0.000690
 0.410000 0.000358 0.000771
 0.415000 0.000362 0.000853
 0.420000 0.000366 0.000938
 0.425000 0.000371 0.001049
 0.430000 0.000377 0.001172
 0.435000 0.000383 0.001301
 0.440000 0.000390 0.001447
 0.445000 0.000398 0.001605
 0.450000 0.000406 0.001781
 0.455000 0.000416 0.001984
 0.460000 0.000426 0.002212
 0.465000 0.000438 0.002458
 0.470000 0.000451 0.002734
 0.475000 0.000466 0.003046
 0.480000 0.000482 0.003381
 0.485000 0.000500 0.003765
 0.490000 0.000520 0.004180
 0.495000 0.000542 0.004619
 0.500000 0.000566 0.005090
 0.505000 0.000593 0.005589
 0.510000 0.000623 0.006112
 0.515000 0.000655 0.006665
 0.520000 0.000690 0.007281
 0.525000 0.000729 0.007919
 0.530000 0.000770 0.008611
 0.535000 0.000817 0.009387
 0.540000 0.000866 0.010152
 0.545000 0.000919 0.010963
 0.550000 0.000976 0.011861
 0.555000 0.001038 0.012830
 0.560000 0.001106 0.013897
 0.565000 0.001179 0.015082
 0.570000 0.001258 0.016378
 0.575000 0.001345 0.017883
 0.580000 0.001439 0.019565
 0.585000 0.001542 0.021472
 0.590000 0.001655 0.023612
 0.595000 0.001780 0.026054
 0.600000 0.001918 0.028777
 0.605000 0.002071 0.031919
 0.610000 0.002241 0.035426
 0.615000 0.002429 0.039332
 0.620000 0.002638 0.043616
 0.625000 0.002869 0.048284
 0.630000 0.003124 0.053329
 0.635000 0.003407 0.058797
 0.640000 0.003718 0.064638
 0.645000 0.004058 0.070768
 0.650000 0.004429 0.077188
 0.655000 0.004833 0.083819
 0.660000 0.005273 0.090819
 0.665000 0.005747 0.097972
 0.670000 0.006258 0.105373
 0.675000 0.006806 0.112959
 0.680000 0.007393 0.120738
 0.685000 0.008020 0.128755
 0.690000 0.008686 0.136999
 0.695000 0.009396 0.145601
 0.700000 0.010150 0.154553
 0.705000 0.010949 0.163904
 0.710000 0.011798 0.173752
 0.715000 0.012699 0.184257
 0.720000 0.013654 0.195404
 0.725000 0.014668 0.207289
 0.730000 0.015748 0.220301
 0.735000 0.016896 0.234339
 0.740000 0.018123 0.249857
 0.745000 0.019434 0.266899
 0.750000 0.020834 0.285584
 0.755000 0.022347 0.307250
 0.760000 0.023982 0.332018
 0.765000 0.025752 0.360440
 0.770000 0.027692 0.394244
 0.775000 0.029818 0.433998
 0.780000 0.032204 0.483827
 0.785000 0.034908 0.546777
 0.790000 0.037955 0.622745
 0.795000 0.041843 0.745535
 0.800000 0.046199 0.884114
 0.805000 0.051322 1.055763
 0.810000 0.057795 1.297224
 0.815000 0.069543 1.889809
 0.820000 0.080051 2.330155
 0.825000 0.093029 2.881586
 0.830000 0.109090 3.567473
 0.835000 0.128971 4.414214
 0.840000 0.153549 5.450950
 0.845000 0.183849 6.709068
 0.850000 0.221062 8.221415
 0.855000 0.266542 10.020982
 0.860000 0.321803 12.139370
 0.865000 0.388513 14.604713
 0.870000 0.468465 17.439121
 0.875000 0.563542 20.655814
 0.880000 0.675663 24.256014
 0.885000 0.806718 28.225672
 0.890000 0.958481 32.532134
 0.895000 1.132510 37.121501
 0.900000 1.330037 41.916263
 0.905000 1.551844 46.813950
 0.910000 1.798137 51.687461
 0.915000 2.068427 56.386271
 0.920000 2.361423 60.739750
 0.925000 2.674939 64.562286
 0.930000 3.005836 67.660140
 0.935000 3.350008 69.840004
 0.940000 3.702398 70.918759
 0.945000 4.057085 70.733819
 0.950000 4.407406 69.154034
 0.955000 4.746146 66.089530
 0.960000 5.065756 61.500476
 0.965000 5.358632 55.403398
 0.970000 5.617398 47.875197
 0.975000 5.835219 39.053113
 0.980000 6.006090 29.132028
 0.985000 6.125110 18.357676
 0.990000 6.188716 7.016814
 0.995000 6.194854 -4.575539
 1.000000 6.143085 -16.090522
