#! FIELDS cmap hh dhh_cmap
#! SET normalisation  99999.000000
#! SET min_cmap 0
#! SET max_cmap 1
#! SET nbins_cmap  200
#! SET periodic_cmap false
 0.000000 0.773880 2.155675
 0.005000 0.780855 0.627167
 0.010000 0.780123 -0.919022
 0.015000 0.771711 -2.437038
 0.020000 0.755874 -3.882445
 0.025000 0.733076 -5.214387
 0.030000 0.703978 -6.397501
 0.035000 0.669397 -7.403462
 0.040000 0.630273 -8.212071
 0.045000 0.587625 -8.811815
 0.050000 0.542508 -9.199896
 0.055000 0.495970 -9.381787
 0.060000 0.449013 -9.370299
 0.065000 0.402558 -9.184351
 0.070000 0.357421 -8.847499
 0.075000 0.314290 -8.386343
 0.080000 0.273718 -7.828947
 0.085000 0.236115 -7.203362
 0.090000 0.201753 -6.536331
 0.095000 0.170780 -5.852264
 0.100000 0.143224 -5.172466
 0.105000 0.119018 -4.514643
 0.110000 0.098017 -3.892715
 0.115000 0.080014 -3.316841
 0.120000 0.064761 -2.793650
 0.125000 0.051984 -2.326612
 0.130000 0.041400 -1.916514
 0.135000 0.032726 -1.561965
 0.140000 0.025692 -1.259951
 0.145000 0.020046 -1.006287
 0.150000 0.015557 -0.796093
 0.155000 0.012021 -0.624159
 0.160000 0.009260 -0.485255
 0.165000 0.007122 -0.374356
 0.170000 0.005478 -0.286805
 0.175000 0.004222 -0.218414
 0.180000 0.003268 -0.165505
 0.185000 0.002400 -0.114142
 0.190000 0.001067 -0.025630
 0.195000 0.000945 -0.022091
 0.200000 0.000835 -0.018583
 0.205000 0.000745 -0.015827
 0.210000 0.000671 -0.013514
 0.215000 0.000607 -0.011427
 0.220000 0.000553 -0.009586
 0.225000 0.000508 -0.008003
 0.230000 0.000470 -0.006590
 0.235000 0.000439 -0.005377
 0.240000 0.000415 -0.004387
 0.245000 0.000394 -0.003475
 0.250000 0.000377 -0.002761
 0.255000 0.000364 -0.002176
 0.260000 0.000354 -0.001749
 0.265000 0.000346 -0.001413
 0.270000 0.000339 -0.001160
 0.275000 0.000333 -0.001006
 0.280000 0.000328 -0.000903
 0.285000 0.000324 -0.000864
 0.290000 0.000319 -0.000836
 0.295000 0.000315 -0.000845
 0.300000 0.000311 -0.000878
 0.305000 0.000306 -0.000911
 0.310000 0.000301 -0.000965
 0.315000 0.000296 -0.001000
 0.320000 0.000291 -0.001026
 0.325000 0.000286 -0.001074
 0.330000 0.000280 -0.001106
 0.335000 0.000274 -0.001140
 0.340000 0.000268 -0.001153
 0.345000 0.000263 -0.001181
 0.350000 0.000257 -0.001205
 0.355000 0.000250 -0.001227
 0.360000 0.000244 -0.001248
 0.365000 0.000238 -0.001268
 0.370000 0.000232 -0.001282
 0.375000 0.000225 -0.001302
 0.380000 0.000219 -0.001320
 0.385000 0.000212 -0.001332
 0.390000 0.000205 -0.001325
 0.395000 0.000199 -0.001319
 0.400000 0.000192 -0.001303
 0.405000 0.000186 -0.001275
 0.410000 0.000179 -0.001236
 0.415000 0.000173 -0.001170
 0.420000 0.000168 -0.001099
 0.425000 0.000163 -0.001014
 0.430000 0.000158 -0.000914
 0.435000 0.000154 -0.000786
 0.440000 0.000150 -0.000644
 0.445000 0.000148 -0.000498
 0.450000 0.000146 -0.000335
 0.455000 0.000144 -0.000145
 0.460000 0.000144 0.000075
 0.465000 0.000145 0.000305
 0.470000 0.000147 0.000587
 0.475000 0.000151 0.000905
 0.480000 0.000157 0.001278
 0.485000 0.000164 0.001714
 0.490000 0.000175 0.002265
 0.495000 0.000188 0.002887
 0.500000 0.000205 0.003598
 0.505000 0.000226 0.004420
 0.510000 0.000251 0.005373
 0.515000 0.000281 0.006426
 0.520000 0.000317 0.007657
 0.525000 0.000360 0.009027
 0.530000 0.000409 0.010547
 0.535000 0.000467 0.012217
 0.540000 0.000533 0.014067
 0.545000 0.000609 0.016159
 0.550000 0.000696 0.018468
 0.555000 0.000796 0.021059
 0.560000 0.000910 0.023907
 0.565000 0.001038 0.027039
 0.570000 0.001182 0.030530
 0.575000 0.001344 0.034330
 0.580000 0.001528 0.038606
 0.585000 0.001734 0.043284
 0.590000 0.001964 0.048394
 0.595000 0.002221 0.053972
 0.600000 0.002507 0.059960
 0.605000 0.002823 0.066303
 0.610000 0.003172 0.073054
 0.615000 0.003556 0.080157
 0.620000 0.003977 0.087521
 0.625000 0.004434 0.094974
 0.630000 0.004930 0.102514
 0.635000 0.005463 0.110038
 0.640000 0.006034 0.117353
 0.645000 0.006640 0.124354
 0.650000 0.007281 0.131030
 0.655000 0.007953 0.137095
 0.660000 0.008655 0.142633
 0.665000 0.009383 0.147536
 0.670000 0.010134 0.151775
 0.675000 0.010905 0.155324
 0.680000 0.011692 0.158264
 0.685000 0.012493 0.160708
 0.690000 0.013305 0.162724
 0.695000 0.014127 0.164431
 0.700000 0.014957 0.166022
 0.705000 0.015794 0.167688
 0.710000 0.016644 0.169784
 0.715000 0.017505 0.172438
 0.720000 0.018382 0.175911
 0.725000 0.019280 0.180466
 0.730000 0.020207 0.186580
 0.735000 0.021170 0.194357
 0.740000 0.022184 0.204477
 0.745000 0.023258 0.217256
 0.750000 0.024402 0.232761
 0.755000 0.025646 0.252450
 0.760000 0.027010 0.276910
 0.765000 0.028510 0.306311
 0.770000 0.030192 0.343010
 0.775000 0.032084 0.387509
 0.780000 0.034258 0.443609
 0.785000 0.036786 0.514580
 0.790000 0.039710 0.600897
 0.795000 0.043584 0.739911
 0.800000 0.047991 0.896426
 0.805000 0.053257 1.089205
 0.810000 0.060071 1.361705
 0.815000 0.072687 2.018784
 0.820000 0.083958 2.507923
 0.825000 0.097970 3.119318
 0.830000 0.115398 3.878812
 0.835000 0.137053 4.815702
 0.840000 0.163904 5.962391
 0.845000 0.197085 7.353909
 0.850000 0.237912 9.026929
 0.855000 0.287884 11.018458
 0.860000 0.348684 13.363879
 0.865000 0.422164 16.094847
 0.870000 0.510316 19.236373
 0.875000 0.615236 22.803576
 0.880000 0.739063 26.798150
 0.885000 0.883903 31.204892
 0.890000 1.051737 35.987799
 0.895000 1.244308 41.087151
 0.900000 1.462993 46.416953
 0.905000 1.708672 51.863538
 0.910000 1.981586 57.285549
 0.915000 2.281206 62.515541
 0.920000 2.606103 67.363771
 0.925000 2.953860 71.623691
 0.930000 3.320998 75.079782
 0.935000 3.702957 77.517018
 0.940000 4.094128 78.731489
 0.945000 4.487929 78.542559
 0.950000 4.876964 76.804099
 0.955000 5.253215 73.416115
 0.960000 5.608295 68.334217
 0.965000 5.933756 61.576637
 0.970000 6.221405 53.228584
 0.975000 6.463640 43.442786
 0.980000 6.653790 32.435689
 0.985000 6.786409 20.480235
 0.990000 6.857537 7.894847
 0.995000 6.864887 -4.970423
 1.000000 6.807970 -17.750457
