#! FIELDS cmap hh dhh_cmap
#! SET normalisation  99999.000000
#! SET min_cmap 0
#! SET max_cmap 1
#! SET nbins_cmap  200
#! SET periodic_cmap false
 0.000000 2.089653 5.770150
 0.005000 2.108228 1.641841
 0.010000 2.105995 -2.532668
 0.015000 2.083031 -6.629553
 0.020000 2.040029 -10.528885
 0.025000 1.978257 -14.120480
 0.030000 1.899497 -17.309040
 0.035000 1.805966 -20.018321
 0.040000 1.700205 -22.194051
 0.045000 1.584968 -23.805439
 0.050000 1.463104 -24.845236
 0.055000 1.337444 -25.328491
 0.060000 1.210690 -25.290050
 0.065000 1.085328 -24.781223
 0.070000 0.963556 -23.865800
 0.075000 0.847229 -22.615722
 0.080000 0.737830 -21.106847
 0.085000 0.636465 -19.414925
 0.090000 0.543865 -17.612170
 0.095000 0.460418 -15.764410
 0.100000 0.386200 -13.929056
 0.105000 0.321027 -12.153812
 0.110000 0.264499 -10.476130
 0.115000 0.216057 -8.923305
 0.120000 0.175028 -7.513092
 0.125000 0.140672 -6.254749
 0.130000 0.112224 -5.150277
 0.135000 0.088920 -4.195865
 0.140000 0.070029 -3.383263
 0.145000 0.054869 -2.701133
 0.150000 0.042822 -2.136251
 0.155000 0.033335 -1.674540
 0.160000 0.025928 -1.301845
 0.165000 0.020191 -1.004622
 0.170000 0.015777 -0.770293
 0.175000 0.012402 -0.587554
 0.180000 0.009833 -0.446494
 0.185000 0.007474 -0.308504
 0.190000 0.003881 -0.072364
 0.195000 0.003532 -0.064007
 0.200000 0.003212 -0.055819
 0.205000 0.002940 -0.049494
 0.210000 0.002702 -0.044243
 0.215000 0.002488 -0.039320
 0.220000 0.002299 -0.035019
 0.225000 0.002130 -0.031120
 0.230000 0.001980 -0.027580
 0.235000 0.001849 -0.024462
 0.240000 0.001732 -0.021635
 0.245000 0.001628 -0.019028
 0.250000 0.001537 -0.016765
 0.255000 0.001457 -0.014707
 0.260000 0.001387 -0.012869
 0.265000 0.001325 -0.011235
 0.270000 0.001272 -0.009892
 0.275000 0.001225 -0.008702
 0.280000 0.001183 -0.007692
 0.285000 0.001146 -0.006889
 0.290000 0.001112 -0.006240
 0.295000 0.001082 -0.005767
 0.300000 0.001053 -0.005457
 0.305000 0.001026 -0.005301
 0.310000 0.000999 -0.005270
 0.315000 0.000972 -0.005351
 0.320000 0.000945 -0.005509
 0.325000 0.000916 -0.005727
 0.330000 0.000887 -0.006012
 0.335000 0.000855 -0.006299
 0.340000 0.000823 -0.006624
 0.345000 0.000789 -0.006921
 0.350000 0.000753 -0.007185
 0.355000 0.000717 -0.007411
 0.360000 0.000679 -0.007573
 0.365000 0.000641 -0.007664
 0.370000 0.000602 -0.007660
 0.375000 0.000564 -0.007595
 0.380000 0.000526 -0.007457
 0.385000 0.000489 -0.007241
 0.390000 0.000454 -0.006951
 0.395000 0.000420 -0.006622
 0.400000 0.000387 -0.006242
 0.405000 0.000357 -0.005821
 0.410000 0.000329 -0.005362
 0.415000 0.000304 -0.004882
 0.420000 0.000280 -0.004399
 0.425000 0.000260 -0.003897
 0.430000 0.000241 -0.003388
 0.435000 0.000226 -0.002883
 0.440000 0.000212 -0.002393
 0.445000 0.000202 -0.001914
 0.450000 0.000193 -0.001427
 0.455000 0.000187 -0.000931
 0.460000 0.000184 -0.000440
 0.465000 0.000183 0.000067
 0.470000 0.000185 0.000583
 0.475000 0.000189 0.001140
 0.480000 0.000197 0.001721
 0.485000 0.000207 0.002335
 0.490000 0.000220 0.002970
 0.495000 0.000237 0.003655
 0.500000 0.000257 0.004355
 0.505000 0.000281 0.005067
 0.510000 0.000309 0.005811
 0.515000 0.000340 0.006593
 0.520000 0.000375 0.007412
 0.525000 0.000415 0.008263
 0.530000 0.000459 0.009187
 0.535000 0.000508 0.010173
 0.540000 0.000562 0.011216
 0.545000 0.000622 0.012362
 0.550000 0.000687 0.013592
 0.555000 0.000759 0.014993
 0.560000 0.000839 0.016566
 0.565000 0.000927 0.018364
 0.570000 0.001024 0.020363
 0.575000 0.001132 0.022623
 0.580000 0.001252 0.025196
 0.585000 0.001386 0.028089
 0.590000 0.001535 0.031316
 0.595000 0.001702 0.034945
 0.600000 0.001887 0.038864
 0.605000 0.002093 0.043132
 0.610000 0.002321 0.047746
 0.615000 0.002573 0.052687
 0.620000 0.002850 0.057878
 0.625000 0.003154 0.063318
 0.630000 0.003487 0.068980
 0.635000 0.003848 0.074774
 0.640000 0.004237 0.080594
 0.645000 0.004657 0.086448
 0.650000 0.005105 0.092219
 0.655000 0.005583 0.097906
 0.660000 0.006087 0.103296
 0.665000 0.006618 0.108474
 0.670000 0.007175 0.113429
 0.675000 0.007756 0.118086
 0.680000 0.008360 0.122460
 0.685000 0.008984 0.126534
 0.690000 0.009629 0.130377
 0.695000 0.010294 0.134088
 0.700000 0.010975 0.137584
 0.705000 0.011675 0.141077
 0.710000 0.012393 0.144664
 0.715000 0.013130 0.148506
 0.720000 0.013890 0.152808
 0.725000 0.014672 0.157609
 0.730000 0.015481 0.163164
 0.735000 0.016323 0.169779
 0.740000 0.017206 0.177864
 0.745000 0.018136 0.187592
 0.750000 0.019122 0.199320
 0.755000 0.020180 0.213840
 0.760000 0.021326 0.231779
 0.765000 0.022575 0.253575
 0.770000 0.023960 0.280980
 0.775000 0.025500 0.314460
 0.780000 0.027257 0.357230
 0.785000 0.029289 0.412160
 0.790000 0.031626 0.479499
 0.795000 0.034731 0.590508
 0.800000 0.038246 0.715273
 0.805000 0.042450 0.869919
 0.810000 0.047873 1.087617
 0.815000 0.058076 1.623720
 0.820000 0.067151 2.021537
 0.825000 0.078458 2.519494
 0.830000 0.092548 3.138657
 0.835000 0.110086 3.902784
 0.840000 0.131861 4.838210
 0.845000 0.158800 5.973280
 0.850000 0.191975 7.337681
 0.855000 0.232608 8.961313
 0.860000 0.282067 10.872873
 0.865000 0.341858 13.097859
 0.870000 0.413602 15.656430
 0.875000 0.498999 18.560770
 0.880000 0.599787 21.812191
 0.885000 0.717678 25.398221
 0.890000 0.854279 29.289646
 0.895000 1.011002 33.438049
 0.900000 1.188970 37.773562
 0.905000 1.388895 42.203924
 0.910000 1.610975 46.614414
 0.915000 1.854779 50.869131
 0.920000 2.119149 54.814058
 0.925000 2.402122 58.281439
 0.930000 2.700874 61.096178
 0.935000 3.011702 63.083334
 0.940000 3.330049 64.077216
 0.945000 3.650570 63.930635
 0.950000 3.967252 62.524599
 0.955000 4.273576 59.777381
 0.960000 4.562723 55.652450
 0.965000 4.827822 50.164052
 0.970000 5.062201 43.381086
 0.975000 5.259676 35.427094
 0.980000 5.414808 26.477692
 0.985000 5.523158 16.754438
 0.990000 5.581489 6.516167
 0.995000 5.587930 -3.952635
 1.000000 5.542069 -14.355037
