#! FIELDS cmap hh dhh_cmap
#! SET normalisation  99999.000000
#! SET min_cmap 0
#! SET max_cmap 1
#! SET nbins_cmap  200
#! SET periodic_cmap false
 0.000000 2.097267 5.837210
 0.005000 2.116148 1.696933
 0.010000 2.114157 -2.490769
 0.015000 2.091369 -6.601725
 0.020000 2.048469 -10.515604
 0.025000 1.986727 -14.121796
 0.030000 1.907925 -17.324620
 0.035000 1.814282 -20.047465
 0.040000 1.708343 -22.235712
 0.045000 1.592869 -23.858295
 0.050000 1.470716 -24.907769
 0.055000 1.344723 -25.399019
 0.060000 1.217600 -25.366824
 0.065000 1.091842 -24.862495
 0.070000 0.969656 -23.949867
 0.075000 0.852904 -22.700992
 0.080000 0.743080 -21.191863
 0.085000 0.641293 -19.498414
 0.090000 0.548282 -17.693051
 0.095000 0.464438 -15.841798
 0.100000 0.389844 -14.002276
 0.105000 0.324316 -12.222369
 0.110000 0.267457 -10.539718
 0.115000 0.218710 -8.981763
 0.120000 0.177402 -7.566414
 0.125000 0.142792 -6.303031
 0.130000 0.114114 -5.193710
 0.135000 0.090604 -4.234711
 0.140000 0.071530 -3.417830
 0.145000 0.056208 -2.731762
 0.150000 0.044017 -2.163312
 0.155000 0.034403 -1.698399
 0.160000 0.026884 -1.322890
 0.165000 0.021047 -1.023200
 0.170000 0.016546 -0.786741
 0.175000 0.013094 -0.602184
 0.180000 0.010455 -0.459597
 0.185000 0.008039 -0.320735
 0.190000 0.004373 -0.082252
 0.195000 0.003976 -0.073261
 0.200000 0.003611 -0.064642
 0.205000 0.003296 -0.057845
 0.210000 0.003017 -0.052134
 0.215000 0.002764 -0.046838
 0.220000 0.002538 -0.042274
 0.225000 0.002334 -0.038140
 0.230000 0.002149 -0.034312
 0.235000 0.001984 -0.030909
 0.240000 0.001835 -0.027773
 0.245000 0.001700 -0.024911
 0.250000 0.001581 -0.022405
 0.255000 0.001473 -0.020033
 0.260000 0.001377 -0.017920
 0.265000 0.001291 -0.015979
 0.270000 0.001214 -0.014217
 0.275000 0.001145 -0.012715
 0.280000 0.001084 -0.011401
 0.285000 0.001029 -0.010293
 0.290000 0.000980 -0.009361
 0.295000 0.000935 -0.008550
 0.300000 0.000894 -0.007906
 0.305000 0.000855 -0.007356
 0.310000 0.000819 -0.006931
 0.315000 0.000784 -0.006598
 0.320000 0.000751 -0.006375
 0.325000 0.000719 -0.006214
 0.330000 0.000688 -0.006114
 0.335000 0.000657 -0.006074
 0.340000 0.000627 -0.006039
 0.345000 0.000596 -0.006022
 0.350000 0.000566 -0.005994
 0.355000 0.000536 -0.005941
 0.360000 0.000506 -0.005900
 0.365000 0.000477 -0.005834
 0.370000 0.000448 -0.005726
 0.375000 0.000419 -0.005605
 0.380000 0.000391 -0.005466
 0.385000 0.000365 -0.005282
 0.390000 0.000338 -0.005062
 0.395000 0.000313 -0.004826
 0.400000 0.000290 -0.004585
 0.405000 0.000267 -0.004312
 0.410000 0.000247 -0.004011
 0.415000 0.000227 -0.003700
 0.420000 0.000210 -0.003361
 0.425000 0.000194 -0.002985
 0.430000 0.000180 -0.002594
 0.435000 0.000168 -0.002182
 0.440000 0.000158 -0.001760
 0.445000 0.000150 -0.001318
 0.450000 0.000145 -0.000850
 0.455000 0.000142 -0.000363
 0.460000 0.000141 0.000144
 0.465000 0.000144 0.000657
 0.470000 0.000148 0.001192
 0.475000 0.000156 0.001727
 0.480000 0.000166 0.002290
 0.485000 0.000178 0.002840
 0.490000 0.000194 0.003410
 0.495000 0.000213 0.004000
 0.500000 0.000235 0.004602
 0.505000 0.000259 0.005205
 0.510000 0.000287 0.005846
 0.515000 0.000318 0.006496
 0.520000 0.000352 0.007163
 0.525000 0.000391 0.007912
 0.530000 0.000432 0.008648
 0.535000 0.000478 0.009423
 0.540000 0.000528 0.010288
 0.545000 0.000582 0.011210
 0.550000 0.000641 0.012148
 0.555000 0.000704 0.013167
 0.560000 0.000773 0.014239
 0.565000 0.000847 0.015378
 0.570000 0.000928 0.016622
 0.575000 0.001014 0.017948
 0.580000 0.001109 0.019435
 0.585000 0.001210 0.021002
 0.590000 0.001320 0.022736
 0.595000 0.001439 0.024612
 0.600000 0.001567 0.026630
 0.605000 0.001707 0.028854
 0.610000 0.001858 0.031268
 0.615000 0.002022 0.033866
 0.620000 0.002199 0.036658
 0.625000 0.002390 0.039585
 0.630000 0.002596 0.042718
 0.635000 0.002819 0.046026
 0.640000 0.003060 0.049500
 0.645000 0.003318 0.053074
 0.650000 0.003595 0.056805
 0.655000 0.003890 0.060552
 0.660000 0.004204 0.064419
 0.665000 0.004538 0.068295
 0.670000 0.004892 0.072206
 0.675000 0.005264 0.076112
 0.680000 0.005657 0.080137
 0.685000 0.006071 0.084313
 0.690000 0.006506 0.088616
 0.695000 0.006964 0.093298
 0.700000 0.007447 0.098335
 0.705000 0.007955 0.103820
 0.710000 0.008495 0.110034
 0.715000 0.009067 0.117013
 0.720000 0.009677 0.124995
 0.725000 0.010331 0.134120
 0.730000 0.011035 0.144688
 0.735000 0.011799 0.156910
 0.740000 0.012629 0.170965
 0.745000 0.013539 0.187287
 0.750000 0.014543 0.206307
 0.755000 0.015660 0.228888
 0.760000 0.016905 0.255287
 0.765000 0.018287 0.285324
 0.770000 0.019855 0.321622
 0.775000 0.021625 0.364274
 0.780000 0.023654 0.416004
 0.785000 0.026008 0.480090
 0.790000 0.028714 0.556535
 0.795000 0.032214 0.675049
 0.800000 0.036168 0.807091
 0.805000 0.040858 0.969174
 0.810000 0.046788 1.192557
 0.815000 0.057509 1.732216
 0.820000 0.067135 2.133479
 0.825000 0.079008 2.633666
 0.830000 0.093672 3.253780
 0.835000 0.111785 4.017584
 0.840000 0.134130 4.951387
 0.845000 0.161629 6.083586
 0.850000 0.195346 7.443880
 0.855000 0.236498 9.062252
 0.860000 0.286446 10.967360
 0.865000 0.346691 13.184765
 0.870000 0.418848 15.734584
 0.875000 0.504612 18.628969
 0.880000 0.605714 21.869149
 0.885000 0.723859 25.442549
 0.890000 0.860646 29.319933
 0.895000 1.017483 33.452566
 0.900000 1.195481 37.770647
 0.905000 1.395345 42.181941
 0.910000 1.617263 46.571655
 0.915000 1.860799 50.804012
 0.920000 2.124785 54.725272
 0.925000 2.407253 58.168087
 0.930000 2.705377 60.957872
 0.935000 3.015452 62.920459
 0.940000 3.332926 63.890805
 0.945000 3.652460 63.722660
 0.950000 3.968054 62.297815
 0.955000 4.273205 59.535557
 0.960000 4.561116 55.400068
 0.965000 4.824937 49.906414
 0.970000 5.058027 43.123963
 0.975000 5.254229 35.176511
 0.980000 5.408138 26.239693
 0.985000 5.515342 16.534948
 0.990000 5.572635 6.320478
 0.995000 5.578168 -4.119846
 1.000000 5.531550 -14.490034
