#! FIELDS cmap hh dhh_cmap
#! SET normalisation  99999.000000
#! SET min_cmap 0
#! SET max_cmap 1
#! SET nbins_cmap  200
#! SET periodic_cmap false
 0.000000 1.995890 5.509007
 0.005000 2.013623 1.567172
 0.010000 2.011489 -2.418509
 0.015000 1.989562 -6.329847
 0.020000 1.948506 -10.052350
 0.025000 1.889530 -13.480853
 0.030000 1.814340 -16.524458
 0.035000 1.725050 -19.110418
 0.040000 1.624086 -21.186995
 0.045000 1.514079 -22.724870
 0.050000 1.397748 -23.717187
 0.055000 1.277793 -24.178340
 0.060000 1.156795 -24.141661
 0.065000 1.037126 -23.656159
 0.070000 0.920881 -22.782715
 0.075000 0.809831 -21.589998
 0.080000 0.705392 -20.150378
 0.085000 0.608618 -18.536148
 0.090000 0.520207 -16.816174
 0.095000 0.440527 -15.053237
 0.100000 0.369654 -13.302088
 0.105000 0.307411 -11.608220
 0.110000 0.253417 -10.007338
 0.115000 0.207138 -8.525458
 0.120000 0.167935 -7.179529
 0.125000 0.135101 -5.978376
 0.130000 0.107906 -4.923929
 0.135000 0.085624 -4.012560
 0.140000 0.067555 -3.236428
 0.145000 0.053052 -2.584756
 0.150000 0.041521 -2.044951
 0.155000 0.032438 -1.603641
 0.160000 0.025343 -1.247359
 0.165000 0.019844 -0.963189
 0.170000 0.015611 -0.739163
 0.175000 0.012371 -0.564510
 0.180000 0.009900 -0.429779
 0.185000 0.007626 -0.297805
 0.190000 0.004182 -0.072880
 0.195000 0.003829 -0.065158
 0.200000 0.003501 -0.057705
 0.205000 0.003218 -0.052201
 0.210000 0.002966 -0.047704
 0.215000 0.002734 -0.043601
 0.220000 0.002522 -0.039916
 0.225000 0.002328 -0.036740
 0.230000 0.002149 -0.033747
 0.235000 0.001985 -0.031067
 0.240000 0.001834 -0.028568
 0.245000 0.001694 -0.026231
 0.250000 0.001567 -0.024122
 0.255000 0.001450 -0.022083
 0.260000 0.001342 -0.020184
 0.265000 0.001244 -0.018443
 0.270000 0.001155 -0.016848
 0.275000 0.001074 -0.015352
 0.280000 0.001000 -0.013947
 0.285000 0.000933 -0.012687
 0.290000 0.000872 -0.011470
 0.295000 0.000817 -0.010383
 0.300000 0.000767 -0.009427
 0.305000 0.000721 -0.008515
 0.310000 0.000680 -0.007719
 0.315000 0.000643 -0.007054
 0.320000 0.000609 -0.006435
 0.325000 0.000578 -0.005906
 0.330000 0.000550 -0.005432
 0.335000 0.000523 -0.004992
 0.340000 0.000499 -0.004621
 0.345000 0.000477 -0.004247
 0.350000 0.000456 -0.003882
 0.355000 0.000437 -0.003585
 0.360000 0.000420 -0.003264
 0.365000 0.000404 -0.002958
 0.370000 0.000390 -0.002622
 0.375000 0.000377 -0.002273
 0.380000 0.000367 -0.001919
 0.385000 0.000358 -0.001516
 0.390000 0.000351 -0.001093
 0.395000 0.000347 -0.000656
 0.400000 0.000345 -0.000192
 0.405000 0.000345 0.000300
 0.410000 0.000348 0.000820
 0.415000 0.000354 0.001366
 0.420000 0.000362 0.001943
 0.425000 0.000373 0.002525
 0.430000 0.000388 0.003107
 0.435000 0.000405 0.003710
 0.440000 0.000425 0.004319
 0.445000 0.000448 0.004939
 0.450000 0.000474 0.005569
 0.455000 0.000504 0.006222
 0.460000 0.000537 0.006895
 0.465000 0.000573 0.007588
 0.470000 0.000613 0.008294
 0.475000 0.000656 0.009027
 0.480000 0.000703 0.009802
 0.485000 0.000754 0.010609
 0.490000 0.000810 0.011448
 0.495000 0.000870 0.012316
 0.500000 0.000934 0.013195
 0.505000 0.001002 0.014105
 0.510000 0.001076 0.015005
 0.515000 0.001153 0.015917
 0.520000 0.001235 0.016807
 0.525000 0.001322 0.017637
 0.530000 0.001412 0.018446
 0.535000 0.001507 0.019208
 0.540000 0.001605 0.019916
 0.545000 0.001707 0.020597
 0.550000 0.001811 0.021184
 0.555000 0.001919 0.021767
 0.560000 0.002030 0.022342
 0.565000 0.002144 0.022927
 0.570000 0.002261 0.023559
 0.575000 0.002382 0.024342
 0.580000 0.002506 0.025189
 0.585000 0.002636 0.026254
 0.590000 0.002771 0.027480
 0.595000 0.002912 0.028964
 0.600000 0.003063 0.030731
 0.605000 0.003222 0.032803
 0.610000 0.003393 0.035209
 0.615000 0.003577 0.037916
 0.620000 0.003775 0.040982
 0.625000 0.003990 0.044364
 0.630000 0.004221 0.048005
 0.635000 0.004472 0.051944
 0.640000 0.004744 0.056180
 0.645000 0.005038 0.060654
 0.650000 0.005354 0.065242
 0.655000 0.005694 0.070050
 0.660000 0.006058 0.074991
 0.665000 0.006447 0.080050
 0.670000 0.006864 0.085339
 0.675000 0.007307 0.090752
 0.680000 0.007778 0.096369
 0.685000 0.008277 0.102170
 0.690000 0.008805 0.108127
 0.695000 0.009364 0.114354
 0.700000 0.009954 0.120852
 0.705000 0.010580 0.127797
 0.710000 0.011240 0.135039
 0.715000 0.011940 0.142917
 0.720000 0.012681 0.151263
 0.725000 0.013467 0.160418
 0.730000 0.014303 0.170425
 0.735000 0.015190 0.181358
 0.740000 0.016142 0.193753
 0.745000 0.017163 0.207830
 0.750000 0.018259 0.223670
 0.755000 0.019454 0.242645
 0.760000 0.020754 0.264680
 0.765000 0.022174 0.290287
 0.770000 0.023753 0.321614
 0.775000 0.025504 0.358800
 0.780000 0.027491 0.405234
 0.785000 0.029773 0.463810
 0.790000 0.032379 0.534685
 0.795000 0.035776 0.649461
 0.800000 0.039600 0.777841
 0.805000 0.044140 0.936605
 0.810000 0.049916 1.158310
 0.815000 0.060542 1.702088
 0.820000 0.070021 2.104713
 0.825000 0.081756 2.607992
 0.830000 0.096304 3.233234
 0.835000 0.114332 4.004575
 0.840000 0.136637 4.948756
 0.845000 0.164155 6.094685
 0.850000 0.197970 7.472660
 0.855000 0.239318 9.113242
 0.860000 0.289588 11.045791
 0.865000 0.350306 13.296535
 0.870000 0.423118 15.886291
 0.875000 0.509754 18.827705
 0.880000 0.611983 22.122470
 0.885000 0.731547 25.758213
 0.890000 0.870085 29.705483
 0.895000 1.029040 33.915303
 0.900000 1.209557 38.316889
 0.905000 1.412372 42.816576
 0.910000 1.637692 47.297786
 0.915000 1.885089 51.622312
 0.920000 2.153393 55.633542
 0.925000 2.440616 59.160817
 0.930000 2.743896 62.025919
 0.935000 3.059473 64.050911
 0.940000 3.382720 65.067100
 0.945000 3.708208 64.924473
 0.950000 4.029827 63.502020
 0.955000 4.340951 60.716352
 0.960000 4.634651 56.530206
 0.965000 4.903938 50.958077
 0.970000 5.142032 44.069748
 0.975000 5.342645 35.990790
 0.980000 5.500248 26.899662
 0.985000 5.610325 17.021731
 0.990000 5.669587 6.620011
 0.995000 5.676130 -4.016351
 1.000000 5.629533 -14.585331
