#! FIELDS cmap hh dhh_cmap
#! SET normalisation  99999.000000
#! SET min_cmap 0
#! SET max_cmap 1
#! SET nbins_cmap  200
#! SET periodic_cmap false
 0.000000 2.153775 6.026004
 0.005000 2.173329 1.776511
 0.010000 2.171457 -2.522759
 0.015000 2.148231 -6.744425
 0.020000 2.104349 -10.765036
 0.025000 2.041106 -14.471034
 0.030000 1.960328 -17.764118
 0.035000 1.864285 -20.565495
 0.040000 1.755587 -22.818937
 0.045000 1.637064 -24.492304
 0.050000 1.511645 -25.577673
 0.055000 1.382243 -26.090036
 0.060000 1.251642 -26.064794
 0.065000 1.122405 -25.554333
 0.070000 0.996799 -24.623919
 0.075000 0.876743 -23.347285
 0.080000 0.763774 -21.802270
 0.085000 0.659038 -20.066725
 0.090000 0.563300 -18.214912
 0.095000 0.476969 -16.314634
 0.100000 0.400136 -14.425092
 0.105000 0.332618 -12.595570
 0.110000 0.274015 -10.864845
 0.115000 0.223757 -9.261293
 0.120000 0.181158 -7.803483
 0.125000 0.145462 -6.501246
 0.130000 0.115882 -5.356942
 0.135000 0.091636 -4.366898
 0.140000 0.071970 -3.522881
 0.145000 0.056183 -2.813427
 0.150000 0.043634 -2.225090
 0.155000 0.033754 -1.743502
 0.160000 0.026045 -1.354204
 0.165000 0.020081 -1.043272
 0.170000 0.015504 -0.797776
 0.175000 0.012014 -0.606081
 0.180000 0.009370 -0.457951
 0.185000 0.006962 -0.313965
 0.190000 0.003286 -0.068896
 0.195000 0.002956 -0.058813
 0.200000 0.002663 -0.049403
 0.205000 0.002425 -0.042413
 0.210000 0.002223 -0.036653
 0.215000 0.002046 -0.031531
 0.220000 0.001894 -0.027202
 0.225000 0.001763 -0.023554
 0.230000 0.001649 -0.020352
 0.235000 0.001551 -0.017689
 0.240000 0.001466 -0.015381
 0.245000 0.001390 -0.013370
 0.250000 0.001325 -0.011749
 0.255000 0.001268 -0.010444
 0.260000 0.001218 -0.009390
 0.265000 0.001172 -0.008455
 0.270000 0.001130 -0.007762
 0.275000 0.001092 -0.007216
 0.280000 0.001057 -0.006813
 0.285000 0.001023 -0.006480
 0.290000 0.000991 -0.006254
 0.295000 0.000959 -0.006070
 0.300000 0.000929 -0.005961
 0.305000 0.000899 -0.005897
 0.310000 0.000870 -0.005845
 0.315000 0.000840 -0.005777
 0.320000 0.000811 -0.005705
 0.325000 0.000783 -0.005596
 0.330000 0.000755 -0.005500
 0.335000 0.000727 -0.005356
 0.340000 0.000701 -0.005199
 0.345000 0.000675 -0.004994
 0.350000 0.000650 -0.004758
 0.355000 0.000627 -0.004493
 0.360000 0.000605 -0.004187
 0.365000 0.000585 -0.003844
 0.370000 0.000566 -0.003499
 0.375000 0.000550 -0.003150
 0.380000 0.000535 -0.002779
 0.385000 0.000522 -0.002429
 0.390000 0.000510 -0.002087
 0.395000 0.000501 -0.001775
 0.400000 0.000492 -0.001497
 0.405000 0.000486 -0.001256
 0.410000 0.000480 -0.001069
 0.415000 0.000475 -0.000929
 0.420000 0.000471 -0.000847
 0.425000 0.000467 -0.000799
 0.430000 0.000463 -0.000798
 0.435000 0.000458 -0.000840
 0.440000 0.000454 -0.000885
 0.445000 0.000449 -0.000932
 0.450000 0.000445 -0.000979
 0.455000 0.000440 -0.001008
 0.460000 0.000435 -0.000999
 0.465000 0.000430 -0.000932
 0.470000 0.000426 -0.000790
 0.475000 0.000422 -0.000576
 0.480000 0.000420 -0.000285
 0.485000 0.000420 0.000110
 0.490000 0.000421 0.000575
 0.495000 0.000426 0.001145
 0.500000 0.000434 0.001834
 0.505000 0.000445 0.002583
 0.510000 0.000461 0.003416
 0.515000 0.000480 0.004303
 0.520000 0.000505 0.005297
 0.525000 0.000534 0.006321
 0.530000 0.000569 0.007411
 0.535000 0.000610 0.008572
 0.540000 0.000656 0.009806
 0.545000 0.000710 0.011137
 0.550000 0.000770 0.012564
 0.555000 0.000836 0.014101
 0.560000 0.000911 0.015757
 0.565000 0.000995 0.017621
 0.570000 0.001089 0.019715
 0.575000 0.001195 0.022079
 0.580000 0.001312 0.024716
 0.585000 0.001444 0.027700
 0.590000 0.001591 0.031004
 0.595000 0.001756 0.034704
 0.600000 0.001941 0.038856
 0.605000 0.002147 0.043361
 0.610000 0.002378 0.048287
 0.615000 0.002634 0.053592
 0.620000 0.002916 0.059186
 0.625000 0.003228 0.065061
 0.630000 0.003569 0.071140
 0.635000 0.003942 0.077368
 0.640000 0.004346 0.083592
 0.645000 0.004781 0.089806
 0.650000 0.005247 0.095910
 0.655000 0.005744 0.101829
 0.660000 0.006269 0.107416
 0.665000 0.006822 0.112727
 0.670000 0.007400 0.117652
 0.675000 0.008002 0.122201
 0.680000 0.008626 0.126401
 0.685000 0.009270 0.130274
 0.690000 0.009934 0.133913
 0.695000 0.010615 0.137372
 0.700000 0.011313 0.140792
 0.705000 0.012029 0.144301
 0.710000 0.012764 0.148118
 0.715000 0.013521 0.152414
 0.720000 0.014300 0.157275
 0.725000 0.015107 0.162985
 0.730000 0.015949 0.169905
 0.735000 0.016828 0.177958
 0.740000 0.017756 0.187781
 0.745000 0.018738 0.199386
 0.750000 0.019789 0.213385
 0.755000 0.020923 0.230327
 0.760000 0.022159 0.250992
 0.765000 0.023507 0.275338
 0.770000 0.025006 0.305399
 0.775000 0.026676 0.341584
 0.780000 0.028572 0.386828
 0.785000 0.030757 0.444062
 0.790000 0.033261 0.513597
 0.795000 0.036510 0.624057
 0.800000 0.040206 0.750000
 0.805000 0.044587 0.904703
 0.810000 0.050179 1.121146
 0.815000 0.060492 1.651046
 0.820000 0.069692 2.043607
 0.825000 0.081092 2.534256
 0.830000 0.095232 3.143686
 0.835000 0.112765 3.895341
 0.840000 0.134465 4.815152
 0.845000 0.161243 5.931170
 0.850000 0.194153 7.272753
 0.855000 0.234396 8.869512
 0.860000 0.283320 10.749907
 0.865000 0.342409 12.939328
 0.870000 0.413261 15.457817
 0.875000 0.497555 18.317669
 0.880000 0.597009 21.520419
 0.885000 0.713310 25.054088
 0.890000 0.848052 28.890021
 0.895000 1.002635 32.980640
 0.900000 1.178168 37.257240
 0.905000 1.375365 41.628907
 0.910000 1.594426 45.982431
 0.915000 1.834934 50.183671
 0.920000 2.095754 54.080415
 0.925000 2.374954 57.506984
 0.930000 2.669751 60.290325
 0.935000 2.976494 62.257489
 0.940000 3.290688 63.244468
 0.945000 3.607059 63.105564
 0.950000 3.919667 61.722998
 0.955000 4.222076 59.015683
 0.960000 4.507551 54.947267
 0.965000 4.769297 49.531732
 0.970000 5.000729 42.836652
 0.975000 5.195729 34.984064
 0.980000 5.348923 26.147271
 0.985000 5.455921 16.545129
 0.990000 5.513520 6.433390
 0.995000 5.519869 -3.906929
 1.000000 5.474555 -14.182236
