#! FIELDS cmap hh dhh_cmap
#! SET normalisation  99999.000000
#! SET min_cmap 0
#! SET max_cmap 1
#! SET nbins_cmap  200
#! SET periodic_cmap false
 0.000000 1.844723 5.105710
 0.005000 1.861180 1.461308
 0.010000 1.859267 -2.224269
 0.015000 1.839051 -5.841727
 0.020000 1.801140 -9.285175
 0.025000 1.746652 -12.457300
 0.030000 1.677161 -15.273908
 0.035000 1.594619 -17.667616
 0.040000 1.501271 -19.590441
 0.045000 1.399546 -21.015120
 0.050000 1.291962 -21.935170
 0.055000 1.181015 -22.363786
 0.060000 1.069093 -22.331661
 0.065000 0.958391 -21.884049
 0.070000 0.850851 -21.077197
 0.075000 0.748113 -19.974595
 0.080000 0.651487 -18.643181
 0.085000 0.561950 -17.149854
 0.090000 0.480152 -15.558365
 0.095000 0.406433 -13.926859
 0.100000 0.340865 -12.306058
 0.105000 0.283284 -10.738122
 0.110000 0.233340 -9.256162
 0.115000 0.190538 -7.884325
 0.120000 0.154286 -6.638343
 0.125000 0.123931 -5.526430
 0.130000 0.098795 -4.550396
 0.135000 0.078206 -3.706913
 0.140000 0.061517 -2.988720
 0.145000 0.048127 -2.385835
 0.150000 0.037486 -1.886600
 0.155000 0.029109 -1.478578
 0.160000 0.022569 -1.149301
 0.165000 0.017504 -0.886778
 0.170000 0.013609 -0.679902
 0.175000 0.010629 -0.518678
 0.180000 0.008361 -0.394345
 0.185000 0.006277 -0.272793
 0.190000 0.003104 -0.064783
 0.195000 0.002790 -0.057590
 0.200000 0.002499 -0.050632
 0.205000 0.002252 -0.045481
 0.210000 0.002032 -0.041097
 0.215000 0.001831 -0.036988
 0.220000 0.001652 -0.033471
 0.225000 0.001490 -0.030296
 0.230000 0.001344 -0.027365
 0.235000 0.001212 -0.024671
 0.240000 0.001093 -0.022212
 0.245000 0.000986 -0.019882
 0.250000 0.000890 -0.017781
 0.255000 0.000805 -0.015854
 0.260000 0.000730 -0.014104
 0.265000 0.000661 -0.012388
 0.270000 0.000603 -0.010926
 0.275000 0.000551 -0.009580
 0.280000 0.000506 -0.008355
 0.285000 0.000466 -0.007246
 0.290000 0.000432 -0.006241
 0.295000 0.000403 -0.005348
 0.300000 0.000378 -0.004550
 0.305000 0.000356 -0.003868
 0.310000 0.000338 -0.003243
 0.315000 0.000323 -0.002692
 0.320000 0.000310 -0.002198
 0.325000 0.000300 -0.001806
 0.330000 0.000292 -0.001436
 0.335000 0.000285 -0.001129
 0.340000 0.000280 -0.000855
 0.345000 0.000276 -0.000616
 0.350000 0.000274 -0.000375
 0.355000 0.000272 -0.000165
 0.360000 0.000271 0.000028
 0.365000 0.000272 0.000204
 0.370000 0.000273 0.000355
 0.375000 0.000275 0.000505
 0.380000 0.000278 0.000647
 0.385000 0.000282 0.000785
 0.390000 0.000286 0.000900
 0.395000 0.000291 0.001004
 0.400000 0.000296 0.001105
 0.405000 0.000301 0.001190
 0.410000 0.000307 0.001250
 0.415000 0.000314 0.001300
 0.420000 0.000321 0.001333
 0.425000 0.000327 0.001347
 0.430000 0.000334 0.001337
 0.435000 0.000341 0.001307
 0.440000 0.000347 0.001248
 0.445000 0.000353 0.001174
 0.450000 0.000359 0.001077
 0.455000 0.000364 0.000964
 0.460000 0.000369 0.000841
 0.465000 0.000373 0.000718
 0.470000 0.000376 0.000587
 0.475000 0.000378 0.000464
 0.480000 0.000381 0.000365
 0.485000 0.000382 0.000304
 0.490000 0.000384 0.000279
 0.495000 0.000386 0.000318
 0.500000 0.000388 0.000444
 0.505000 0.000391 0.000668
 0.510000 0.000396 0.000956
 0.515000 0.000402 0.001346
 0.520000 0.000409 0.001829
 0.525000 0.000420 0.002448
 0.530000 0.000435 0.003196
 0.535000 0.000454 0.004108
 0.540000 0.000477 0.005124
 0.545000 0.000506 0.006287
 0.550000 0.000541 0.007590
 0.555000 0.000583 0.009027
 0.560000 0.000632 0.010621
 0.565000 0.000690 0.012385
 0.570000 0.000757 0.014297
 0.575000 0.000834 0.016418
 0.580000 0.000922 0.018694
 0.585000 0.001023 0.021156
 0.590000 0.001136 0.023813
 0.595000 0.001263 0.026692
 0.600000 0.001405 0.029750
 0.605000 0.001563 0.032994
 0.610000 0.001737 0.036389
 0.615000 0.001930 0.039991
 0.620000 0.002140 0.043690
 0.625000 0.002369 0.047495
 0.630000 0.002618 0.051444
 0.635000 0.002887 0.055463
 0.640000 0.003177 0.059629
 0.645000 0.003487 0.063783
 0.650000 0.003818 0.067991
 0.655000 0.004170 0.072239
 0.660000 0.004545 0.076615
 0.665000 0.004942 0.081102
 0.670000 0.005361 0.085750
 0.675000 0.005805 0.090682
 0.680000 0.006275 0.095966
 0.685000 0.006772 0.101634
 0.690000 0.007298 0.107847
 0.695000 0.007857 0.114703
 0.700000 0.008453 0.122312
 0.705000 0.009089 0.130848
 0.710000 0.009770 0.140297
 0.715000 0.010503 0.150925
 0.720000 0.011293 0.162754
 0.725000 0.012146 0.175929
 0.730000 0.013071 0.190546
 0.735000 0.014076 0.206794
 0.740000 0.015166 0.224576
 0.745000 0.016355 0.244395
 0.750000 0.017648 0.266064
 0.755000 0.019068 0.290674
 0.760000 0.020628 0.318598
 0.765000 0.022334 0.349609
 0.770000 0.024223 0.385750
 0.775000 0.026311 0.427326
 0.780000 0.028651 0.477188
 0.785000 0.031303 0.538541
 0.790000 0.034305 0.612452
 0.795000 0.038103 0.729339
 0.800000 0.042353 0.860529
 0.805000 0.047317 1.021268
 0.810000 0.053541 1.246259
 0.815000 0.064702 1.799535
 0.820000 0.074684 2.208883
 0.825000 0.086963 2.721469
 0.830000 0.102107 3.359402
 0.835000 0.120807 4.147644
 0.840000 0.143880 5.113865
 0.845000 0.172292 6.287893
 0.850000 0.207157 7.700926
 0.855000 0.249751 9.384381
 0.860000 0.301502 11.368377
 0.865000 0.363980 13.679751
 0.870000 0.438879 16.339629
 0.875000 0.527978 19.360714
 0.880000 0.633091 22.744432
 0.885000 0.756005 26.477658
 0.890000 0.898399 30.529857
 0.895000 1.061750 34.850202
 0.900000 1.247226 39.365639
 0.905000 1.455571 43.979563
 0.910000 1.686986 48.572053
 0.915000 1.941019 53.001087
 0.920000 2.216456 57.105730
 0.925000 2.511243 60.710958
 0.930000 2.822428 63.634118
 0.935000 3.146142 65.692930
 0.940000 3.477627 66.714824
 0.945000 3.811304 66.546653
 0.950000 4.140900 65.064917
 0.955000 4.459618 62.185087
 0.960000 4.760353 57.869758
 0.965000 5.035943 52.134655
 0.970000 5.279447 45.052283
 0.975000 5.484430 36.752137
 0.980000 5.645239 27.417964
 0.985000 5.757266 17.281178
 0.990000 5.817159 6.611840
 0.995000 5.822987 -4.293360
 1.000000 5.774343 -15.125080
