#! FIELDS cmap hh dhh_cmap
#! SET normalisation  99999.000000
#! SET min_cmap 0
#! SET max_cmap 1
#! SET nbins_cmap  200
#! SET periodic_cmap false
 0.000000 1.109726 3.065427
 0.005000 1.119603 0.875594
 0.010000 1.118442 -1.338634
 0.015000 1.106285 -3.511668
 0.020000 1.083500 -5.579958
 0.025000 1.050758 -7.485127
 0.030000 1.009005 -9.176686
 0.035000 0.959415 -10.614262
 0.040000 0.903335 -11.769107
 0.045000 0.842223 -12.624916
 0.050000 0.777591 -13.177841
 0.055000 0.710937 -13.435831
 0.060000 0.643694 -13.417328
 0.065000 0.577180 -13.149484
 0.070000 0.512559 -12.666045
 0.075000 0.450815 -12.005081
 0.080000 0.392737 -11.206746
 0.085000 0.338910 -10.311137
 0.090000 0.289724 -9.356479
 0.095000 0.245385 -8.377631
 0.100000 0.205937 -7.405006
 0.105000 0.171282 -6.463886
 0.110000 0.141212 -5.574138
 0.115000 0.115431 -4.750259
 0.120000 0.093584 -4.001704
 0.125000 0.075280 -3.333431
 0.130000 0.060114 -2.746563
 0.135000 0.047682 -2.239135
 0.140000 0.037597 -1.806835
 0.145000 0.029498 -1.443704
 0.150000 0.023056 -1.142800
 0.155000 0.017979 -0.896692
 0.160000 0.014010 -0.697919
 0.165000 0.010933 -0.539313
 0.170000 0.008562 -0.414214
 0.175000 0.006745 -0.316648
 0.180000 0.005358 -0.241351
 0.185000 0.004075 -0.167067
 0.190000 0.002164 -0.042747
 0.195000 0.001958 -0.038135
 0.200000 0.001769 -0.033787
 0.205000 0.001603 -0.030366
 0.210000 0.001456 -0.027605
 0.215000 0.001321 -0.025048
 0.220000 0.001198 -0.022761
 0.225000 0.001088 -0.020831
 0.230000 0.000986 -0.018959
 0.235000 0.000894 -0.017268
 0.240000 0.000810 -0.015705
 0.245000 0.000734 -0.014202
 0.250000 0.000666 -0.012800
 0.255000 0.000604 -0.011426
 0.260000 0.000549 -0.010086
 0.265000 0.000502 -0.008853
 0.270000 0.000460 -0.007657
 0.275000 0.000424 -0.006482
 0.280000 0.000394 -0.005376
 0.285000 0.000369 -0.004312
 0.290000 0.000349 -0.003341
 0.295000 0.000335 -0.002455
 0.300000 0.000325 -0.001626
 0.305000 0.000318 -0.000860
 0.310000 0.000316 -0.000183
 0.315000 0.000316 0.000421
 0.320000 0.000319 0.000939
 0.325000 0.000325 0.001371
 0.330000 0.000332 0.001708
 0.335000 0.000341 0.001967
 0.340000 0.000352 0.002142
 0.345000 0.000362 0.002236
 0.350000 0.000374 0.002233
 0.355000 0.000384 0.002167
 0.360000 0.000395 0.002036
 0.365000 0.000404 0.001823
 0.370000 0.000413 0.001562
 0.375000 0.000420 0.001256
 0.380000 0.000425 0.000894
 0.385000 0.000428 0.000503
 0.390000 0.000430 0.000093
 0.395000 0.000429 -0.000317
 0.400000 0.000427 -0.000727
 0.405000 0.000422 -0.001117
 0.410000 0.000415 -0.001498
 0.415000 0.000407 -0.001845
 0.420000 0.000397 -0.002137
 0.425000 0.000386 -0.002381
 0.430000 0.000374 -0.002577
 0.435000 0.000360 -0.002700
 0.440000 0.000347 -0.002752
 0.445000 0.000333 -0.002754
 0.450000 0.000320 -0.002700
 0.455000 0.000307 -0.002542
 0.460000 0.000295 -0.002329
 0.465000 0.000284 -0.002056
 0.470000 0.000275 -0.001698
 0.475000 0.000268 -0.001278
 0.480000 0.000263 -0.000770
 0.485000 0.000261 -0.000175
 0.490000 0.000262 0.000530
 0.495000 0.000267 0.001322
 0.500000 0.000277 0.002258
 0.505000 0.000291 0.003310
 0.510000 0.000311 0.004526
 0.515000 0.000337 0.005895
 0.520000 0.000371 0.007446
 0.525000 0.000412 0.009185
 0.530000 0.000464 0.011179
 0.535000 0.000526 0.013364
 0.540000 0.000599 0.015745
 0.545000 0.000685 0.018382
 0.550000 0.000784 0.021225
 0.555000 0.000898 0.024260
 0.560000 0.001028 0.027511
 0.565000 0.001175 0.030944
 0.570000 0.001339 0.034520
 0.575000 0.001522 0.038215
 0.580000 0.001723 0.042013
 0.585000 0.001944 0.045840
 0.590000 0.002184 0.049741
 0.595000 0.002444 0.053634
 0.600000 0.002722 0.057409
 0.605000 0.003020 0.061152
 0.610000 0.003336 0.064790
 0.615000 0.003669 0.068243
 0.620000 0.004020 0.071570
 0.625000 0.004388 0.074813
 0.630000 0.004772 0.077952
 0.635000 0.005171 0.080989
 0.640000 0.005585 0.084000
 0.645000 0.006014 0.086941
 0.650000 0.006460 0.090032
 0.655000 0.006920 0.093154
 0.660000 0.007395 0.096416
 0.665000 0.007889 0.100018
 0.670000 0.008401 0.103902
 0.675000 0.008935 0.108263
 0.680000 0.009491 0.113103
 0.685000 0.010073 0.118537
 0.690000 0.010684 0.124570
 0.695000 0.011327 0.131375
 0.700000 0.012007 0.138963
 0.705000 0.012729 0.147551
 0.710000 0.013494 0.156932
 0.715000 0.014311 0.167318
 0.720000 0.015182 0.178785
 0.725000 0.016116 0.191396
 0.730000 0.017119 0.205462
 0.735000 0.018195 0.220765
 0.740000 0.019360 0.238060
 0.745000 0.020616 0.257245
 0.750000 0.021977 0.278667
 0.755000 0.023466 0.303646
 0.760000 0.025099 0.332601
 0.765000 0.026880 0.365281
 0.770000 0.028854 0.403995
 0.775000 0.031052 0.450115
 0.780000 0.033532 0.506423
 0.785000 0.036364 0.576532
 0.790000 0.039588 0.661048
 0.795000 0.043723 0.795068
 0.800000 0.048375 0.945619
 0.805000 0.053856 1.130600
 0.810000 0.060774 1.388135
 0.815000 0.073278 2.015633
 0.820000 0.084475 2.480873
 0.825000 0.098278 3.061669
 0.830000 0.115324 3.782470
 0.835000 0.136381 4.670941
 0.840000 0.162363 5.757679
 0.845000 0.194343 7.075807
 0.850000 0.233563 8.659985
 0.855000 0.281443 10.545238
 0.860000 0.339573 12.765142
 0.865000 0.409702 15.349797
 0.870000 0.493717 18.322965
 0.875000 0.593603 21.699234
 0.880000 0.711384 25.480528
 0.885000 0.849059 29.652722
 0.890000 1.008507 34.182141
 0.895000 1.191382 39.012666
 0.900000 1.399000 44.063084
 0.905000 1.632201 49.226047
 0.910000 1.891225 54.367876
 0.915000 2.175580 59.330007
 0.920000 2.483925 63.932579
 0.925000 2.813979 67.979749
 0.930000 3.162454 71.266823
 0.935000 3.525037 73.589366
 0.940000 3.896414 74.753452
 0.945000 4.270349 74.586784
 0.950000 4.639826 72.949981
 0.955000 4.997233 69.747262
 0.960000 5.334609 64.935396
 0.965000 5.643925 58.530763
 0.970000 5.917389 50.613530
 0.975000 6.147772 41.327704
 0.980000 6.328721 30.878183
 0.985000 6.455041 19.523917
 0.990000 6.522950 7.567193
 0.995000 6.530257 -4.659679
 1.000000 6.476476 -16.809676
