#! FIELDS cmap hh dhh_cmap
#! SET normalisation  99999.000000
#! SET min_cmap 0
#! SET max_cmap 1
#! SET nbins_cmap  200
#! SET periodic_cmap false
 0.000000 1.148659 3.208601
 0.005000 1.159059 0.941196
 0.010000 1.158027 -1.352516
 0.015000 1.145603 -3.604518
 0.020000 1.122162 -5.748881
 0.025000 1.088395 -7.725001
 0.030000 1.045280 -9.480401
 0.035000 0.994030 -10.973071
 0.040000 0.936038 -12.173036
 0.045000 0.872817 -13.063211
 0.050000 0.805930 -13.639465
 0.055000 0.736932 -13.909891
 0.060000 0.667310 -13.893514
 0.065000 0.598429 -13.618399
 0.070000 0.531499 -13.119492
 0.075000 0.467541 -12.436245
 0.080000 0.407374 -11.610301
 0.085000 0.351607 -10.683262
 0.090000 0.300644 -9.694794
 0.095000 0.254701 -8.681101
 0.100000 0.213822 -7.673747
 0.105000 0.177909 -6.699000
 0.110000 0.146743 -5.777482
 0.115000 0.120020 -4.924241
 0.120000 0.097370 -4.149080
 0.125000 0.078390 -3.457142
 0.130000 0.062658 -2.849571
 0.135000 0.049757 -2.324304
 0.140000 0.039285 -1.876841
 0.145000 0.030869 -1.500978
 0.150000 0.024168 -1.189487
 0.155000 0.018880 -0.934643
 0.160000 0.014740 -0.728699
 0.165000 0.011524 -0.564215
 0.170000 0.009041 -0.434300
 0.175000 0.007134 -0.332755
 0.180000 0.005675 -0.254152
 0.185000 0.004344 -0.177765
 0.190000 0.002326 -0.046461
 0.195000 0.002103 -0.040951
 0.200000 0.001899 -0.035548
 0.205000 0.001727 -0.031355
 0.210000 0.001577 -0.027794
 0.215000 0.001443 -0.024528
 0.220000 0.001325 -0.021665
 0.225000 0.001222 -0.019173
 0.230000 0.001130 -0.016913
 0.235000 0.001049 -0.014984
 0.240000 0.000977 -0.013302
 0.245000 0.000913 -0.011829
 0.250000 0.000856 -0.010564
 0.255000 0.000805 -0.009506
 0.260000 0.000759 -0.008650
 0.265000 0.000717 -0.007860
 0.270000 0.000679 -0.007238
 0.275000 0.000643 -0.006730
 0.280000 0.000610 -0.006284
 0.285000 0.000579 -0.005912
 0.290000 0.000550 -0.005585
 0.295000 0.000523 -0.005291
 0.300000 0.000496 -0.005013
 0.305000 0.000472 -0.004760
 0.310000 0.000448 -0.004473
 0.315000 0.000426 -0.004207
 0.320000 0.000406 -0.003902
 0.325000 0.000387 -0.003577
 0.330000 0.000370 -0.003243
 0.335000 0.000354 -0.002869
 0.340000 0.000341 -0.002492
 0.345000 0.000329 -0.002093
 0.350000 0.000319 -0.001677
 0.355000 0.000312 -0.001279
 0.360000 0.000306 -0.000901
 0.365000 0.000303 -0.000519
 0.370000 0.000301 -0.000196
 0.375000 0.000301 0.000092
 0.380000 0.000302 0.000346
 0.385000 0.000304 0.000555
 0.390000 0.000307 0.000703
 0.395000 0.000311 0.000809
 0.400000 0.000315 0.000856
 0.405000 0.000319 0.000856
 0.410000 0.000323 0.000823
 0.415000 0.000327 0.000744
 0.420000 0.000331 0.000660
 0.425000 0.000334 0.000535
 0.430000 0.000336 0.000422
 0.435000 0.000338 0.000292
 0.440000 0.000339 0.000175
 0.445000 0.000340 0.000077
 0.450000 0.000341 0.000021
 0.455000 0.000340 -0.000018
 0.460000 0.000340 -0.000031
 0.465000 0.000340 0.000019
 0.470000 0.000341 0.000119
 0.475000 0.000342 0.000268
 0.480000 0.000344 0.000487
 0.485000 0.000347 0.000781
 0.490000 0.000352 0.001135
 0.495000 0.000360 0.001599
 0.500000 0.000370 0.002164
 0.505000 0.000382 0.002794
 0.510000 0.000398 0.003579
 0.515000 0.000418 0.004438
 0.520000 0.000444 0.005452
 0.525000 0.000474 0.006599
 0.530000 0.000510 0.007898
 0.535000 0.000554 0.009377
 0.540000 0.000606 0.011034
 0.545000 0.000666 0.012848
 0.550000 0.000736 0.014874
 0.555000 0.000817 0.017106
 0.560000 0.000909 0.019495
 0.565000 0.001013 0.022073
 0.570000 0.001131 0.024811
 0.575000 0.001263 0.027741
 0.580000 0.001410 0.030850
 0.585000 0.001573 0.034056
 0.590000 0.001752 0.037425
 0.595000 0.001949 0.040935
 0.600000 0.002163 0.044524
 0.605000 0.002396 0.048209
 0.610000 0.002648 0.051990
 0.615000 0.002919 0.055838
 0.620000 0.003209 0.059730
 0.625000 0.003520 0.063752
 0.630000 0.003850 0.067713
 0.635000 0.004200 0.071747
 0.640000 0.004571 0.075797
 0.645000 0.004960 0.079830
 0.650000 0.005371 0.083924
 0.655000 0.005803 0.088034
 0.660000 0.006256 0.092259
 0.665000 0.006730 0.096576
 0.670000 0.007226 0.100962
 0.675000 0.007744 0.105490
 0.680000 0.008285 0.110193
 0.685000 0.008852 0.115190
 0.690000 0.009445 0.120462
 0.695000 0.010063 0.125980
 0.700000 0.010713 0.132017
 0.705000 0.011394 0.138552
 0.710000 0.012108 0.145505
 0.715000 0.012860 0.153234
 0.720000 0.013654 0.161652
 0.725000 0.014492 0.170902
 0.730000 0.015382 0.181347
 0.735000 0.016329 0.192931
 0.740000 0.017343 0.206268
 0.745000 0.018428 0.221300
 0.750000 0.019598 0.238515
 0.755000 0.020875 0.259237
 0.760000 0.022271 0.283711
 0.765000 0.023800 0.312210
 0.770000 0.025500 0.346884
 0.775000 0.027401 0.388769
 0.780000 0.029563 0.441010
 0.785000 0.032055 0.507002
 0.790000 0.034919 0.587611
 0.795000 0.038668 0.717390
 0.800000 0.042913 0.863638
 0.805000 0.047980 1.045309
 0.810000 0.054467 1.299702
 0.815000 0.066508 1.923256
 0.820000 0.077235 2.385145
 0.825000 0.090552 2.962657
 0.830000 0.107095 3.680163
 0.835000 0.127632 4.565220
 0.840000 0.153077 5.648361
 0.845000 0.184500 6.962613
 0.850000 0.223145 8.542573
 0.855000 0.270426 10.423184
 0.860000 0.327933 12.638068
 0.865000 0.397413 15.217230
 0.870000 0.480752 18.184465
 0.875000 0.579929 21.554506
 0.880000 0.696971 25.329308
 0.885000 0.833874 29.494977
 0.890000 0.992517 34.018042
 0.895000 1.174557 38.842591
 0.900000 1.381311 43.887869
 0.905000 1.613625 49.046820
 0.910000 1.871746 54.186067
 0.915000 2.155189 59.147584
 0.920000 2.462624 63.751871
 0.925000 2.791784 67.803363
 0.930000 3.139395 71.097833
 0.935000 3.501158 73.431096
 0.940000 3.871778 74.609471
 0.945000 4.245037 74.460741
 0.950000 4.613937 72.845436
 0.955000 4.970883 69.667657
 0.960000 5.307931 64.883920
 0.965000 5.617066 58.510119
 0.970000 5.890508 50.625767
 0.975000 6.121038 41.374246
 0.980000 6.302305 30.959674
 0.985000 6.429120 19.639999
 0.990000 6.497692 7.716712
 0.995000 6.505827 -4.478912
 1.000000 6.453023 -16.600386
