#! FIELDS cmap hh dhh_cmap
#! SET normalisation  99999.000000
#! SET min_cmap 0
#! SET max_cmap 1
#! SET nbins_cmap  200
#! SET periodic_cmap false
 0.000000 2.031699 5.619566
 0.005000 2.049815 1.609232
 0.010000 2.047717 -2.445952
 0.015000 2.025482 -6.425757
 0.020000 1.983780 -10.213771
 0.025000 1.923843 -13.703006
 0.030000 1.847403 -16.800952
 0.035000 1.756610 -19.433600
 0.040000 1.653932 -21.548281
 0.045000 1.542042 -23.115100
 0.050000 1.423707 -24.127041
 0.055000 1.301673 -24.598692
 0.060000 1.178565 -24.563859
 0.065000 1.056797 -24.072334
 0.070000 0.938500 -23.186010
 0.075000 0.825478 -21.974681
 0.080000 0.719173 -20.511928
 0.085000 0.620655 -18.871267
 0.090000 0.530639 -17.122737
 0.095000 0.449501 -15.330223
 0.100000 0.377317 -13.549427
 0.105000 0.313909 -11.826646
 0.110000 0.258893 -10.198233
 0.115000 0.211725 -8.690685
 0.120000 0.171755 -7.321276
 0.125000 0.138267 -6.099011
 0.130000 0.110516 -5.025876
 0.135000 0.087765 -4.098198
 0.140000 0.069305 -3.308006
 0.145000 0.054475 -2.644336
 0.150000 0.042672 -2.094419
 0.155000 0.033364 -1.644610
 0.160000 0.026082 -1.281216
 0.165000 0.020429 -0.991110
 0.170000 0.016069 -0.762115
 0.175000 0.012725 -0.583275
 0.180000 0.010169 -0.445005
 0.185000 0.007816 -0.309182
 0.190000 0.004292 -0.079735
 0.195000 0.003906 -0.070426
 0.200000 0.003555 -0.061647
 0.205000 0.003257 -0.054907
 0.210000 0.002993 -0.049191
 0.215000 0.002755 -0.043998
 0.220000 0.002542 -0.039468
 0.225000 0.002352 -0.035517
 0.230000 0.002180 -0.031977
 0.235000 0.002026 -0.028900
 0.240000 0.001885 -0.026098
 0.245000 0.001758 -0.023614
 0.250000 0.001644 -0.021474
 0.255000 0.001540 -0.019552
 0.260000 0.001445 -0.017874
 0.265000 0.001358 -0.016277
 0.270000 0.001280 -0.014881
 0.275000 0.001207 -0.013598
 0.280000 0.001142 -0.012464
 0.285000 0.001081 -0.011370
 0.290000 0.001026 -0.010410
 0.295000 0.000976 -0.009596
 0.300000 0.000929 -0.008845
 0.305000 0.000886 -0.008170
 0.310000 0.000846 -0.007602
 0.315000 0.000808 -0.007068
 0.320000 0.000774 -0.006691
 0.325000 0.000741 -0.006386
 0.330000 0.000709 -0.006116
 0.335000 0.000679 -0.005937
 0.340000 0.000650 -0.005800
 0.345000 0.000621 -0.005689
 0.350000 0.000592 -0.005582
 0.355000 0.000564 -0.005514
 0.360000 0.000536 -0.005421
 0.365000 0.000509 -0.005340
 0.370000 0.000483 -0.005226
 0.375000 0.000457 -0.005076
 0.380000 0.000432 -0.004877
 0.385000 0.000408 -0.004654
 0.390000 0.000386 -0.004380
 0.395000 0.000365 -0.004052
 0.400000 0.000345 -0.003672
 0.405000 0.000329 -0.003215
 0.410000 0.000313 -0.002729
 0.415000 0.000301 -0.002187
 0.420000 0.000292 -0.001596
 0.425000 0.000286 -0.000928
 0.430000 0.000284 -0.000191
 0.435000 0.000285 0.000568
 0.440000 0.000289 0.001386
 0.445000 0.000298 0.002284
 0.450000 0.000312 0.003258
 0.455000 0.000331 0.004322
 0.460000 0.000356 0.005469
 0.465000 0.000386 0.006715
 0.470000 0.000423 0.008087
 0.475000 0.000467 0.009551
 0.480000 0.000519 0.011136
 0.485000 0.000579 0.012831
 0.490000 0.000648 0.014618
 0.495000 0.000726 0.016509
 0.500000 0.000814 0.018471
 0.505000 0.000911 0.020480
 0.510000 0.001019 0.022502
 0.515000 0.001136 0.024458
 0.520000 0.001264 0.026366
 0.525000 0.001401 0.028155
 0.530000 0.001546 0.029763
 0.535000 0.001698 0.031167
 0.540000 0.001857 0.032317
 0.545000 0.002021 0.033143
 0.550000 0.002189 0.033687
 0.555000 0.002358 0.033835
 0.560000 0.002528 0.033669
 0.565000 0.002696 0.033151
 0.570000 0.002860 0.032364
 0.575000 0.003020 0.031301
 0.580000 0.003174 0.030051
 0.585000 0.003321 0.028676
 0.590000 0.003462 0.027285
 0.595000 0.003596 0.025968
 0.600000 0.003724 0.024858
 0.605000 0.003847 0.023970
 0.610000 0.003966 0.023461
 0.615000 0.004084 0.023403
 0.620000 0.004203 0.023825
 0.625000 0.004326 0.024817
 0.630000 0.004454 0.026346
 0.635000 0.004592 0.028478
 0.640000 0.004742 0.031184
 0.645000 0.004908 0.034459
 0.650000 0.005090 0.038183
 0.655000 0.005293 0.042479
 0.660000 0.005520 0.047231
 0.665000 0.005770 0.052372
 0.670000 0.006048 0.057854
 0.675000 0.006353 0.063662
 0.680000 0.006688 0.069738
 0.685000 0.007055 0.076179
 0.690000 0.007456 0.082960
 0.695000 0.007892 0.090049
 0.700000 0.008363 0.097445
 0.705000 0.008873 0.105206
 0.710000 0.009423 0.113366
 0.715000 0.010016 0.122032
 0.720000 0.010656 0.131300
 0.725000 0.011345 0.141290
 0.730000 0.012087 0.152066
 0.735000 0.012887 0.163828
 0.740000 0.013752 0.176895
 0.745000 0.014690 0.191555
 0.750000 0.015706 0.207885
 0.755000 0.016820 0.227064
 0.760000 0.018049 0.249880
 0.765000 0.019400 0.276225
 0.770000 0.020910 0.308210
 0.775000 0.022602 0.346546
 0.780000 0.024531 0.394171
 0.785000 0.026767 0.454730
 0.790000 0.029333 0.527862
 0.795000 0.032688 0.644495
 0.800000 0.036493 0.776066
 0.805000 0.041033 0.938882
 0.810000 0.046837 1.165984
 0.815000 0.057471 1.712678
 0.820000 0.067018 2.121291
 0.825000 0.078853 2.631193
 0.830000 0.093534 3.263492
 0.835000 0.111731 4.042058
 0.840000 0.134242 4.993202
 0.845000 0.161998 6.145392
 0.850000 0.196080 7.528373
 0.855000 0.237716 9.172064
 0.860000 0.288282 11.105175
 0.865000 0.349291 13.353187
 0.870000 0.422372 15.936176
 0.875000 0.509231 18.866182
 0.880000 0.611614 22.144283
 0.885000 0.731233 25.757728
 0.890000 0.869700 29.676829
 0.895000 1.028430 33.852563
 0.900000 1.208537 38.214459
 0.905000 1.410729 42.669405
 0.910000 1.635193 47.101719
 0.915000 1.881481 51.374567
 0.920000 2.148414 55.332654
 0.925000 2.434001 58.807293
 0.930000 2.735386 61.622215
 0.935000 3.048828 63.601665
 0.940000 3.369729 64.578972
 0.945000 3.692698 64.406380
 0.950000 4.011674 62.964546
 0.955000 4.320088 60.171795
 0.960000 4.611075 55.991857
 0.965000 4.877714 50.439859
 0.970000 5.113297 43.585555
 0.975000 5.311602 35.554048
 0.980000 5.467165 26.522628
 0.985000 5.575529 16.714850
 0.990000 5.633450 6.391658
 0.995000 5.639060 -4.160360
 1.000000 5.591961 -14.641948
