#! FIELDS cmap hh dhh_cmap
#! SET normalisation  99999.000000
#! SET min_cmap 0
#! SET max_cmap 1
#! SET nbins_cmap  200
#! SET periodic_cmap false
 0.000000 0.814261 2.266285
 0.005000 0.821593 0.659697
 0.010000 0.820827 -0.965251
 0.015000 0.811991 -2.560398
 0.020000 0.795351 -4.079082
 0.025000 0.771399 -5.478407
 0.030000 0.740828 -6.721275
 0.035000 0.704497 -7.777978
 0.040000 0.663394 -8.627337
 0.045000 0.618590 -9.257324
 0.050000 0.571192 -9.665046
 0.055000 0.522301 -9.856279
 0.060000 0.472968 -9.844511
 0.065000 0.424161 -9.649634
 0.070000 0.376736 -9.296385
 0.075000 0.331415 -8.812709
 0.080000 0.288777 -8.228059
 0.085000 0.249253 -7.571870
 0.090000 0.213131 -6.872203
 0.095000 0.180561 -6.154653
 0.100000 0.151577 -5.441549
 0.105000 0.126107 -4.751454
 0.110000 0.103999 -4.098954
 0.115000 0.085037 -3.494689
 0.120000 0.068960 -2.945600
 0.125000 0.055483 -2.455320
 0.130000 0.044307 -2.024669
 0.135000 0.035139 -1.652202
 0.140000 0.027694 -1.334749
 0.145000 0.021707 -1.067944
 0.150000 0.016938 -0.846684
 0.155000 0.013173 -0.665528
 0.160000 0.010225 -0.519009
 0.165000 0.007934 -0.401882
 0.170000 0.006166 -0.309284
 0.175000 0.004808 -0.236840
 0.180000 0.003770 -0.180716
 0.185000 0.002819 -0.125816
 0.190000 0.001397 -0.033087
 0.195000 0.001238 -0.028941
 0.200000 0.001095 -0.024989
 0.205000 0.000974 -0.021889
 0.210000 0.000870 -0.019333
 0.215000 0.000776 -0.016993
 0.220000 0.000695 -0.015087
 0.225000 0.000622 -0.013407
 0.230000 0.000557 -0.011901
 0.235000 0.000500 -0.010696
 0.240000 0.000448 -0.009597
 0.245000 0.000402 -0.008621
 0.250000 0.000360 -0.007802
 0.255000 0.000322 -0.007048
 0.260000 0.000288 -0.006436
 0.265000 0.000257 -0.005870
 0.270000 0.000228 -0.005338
 0.275000 0.000202 -0.004842
 0.280000 0.000179 -0.004415
 0.285000 0.000157 -0.004011
 0.290000 0.000138 -0.003617
 0.295000 0.000121 -0.003248
 0.300000 0.000105 -0.002887
 0.305000 0.000091 -0.002555
 0.310000 0.000079 -0.002233
 0.315000 0.000068 -0.001913
 0.320000 0.000059 -0.001615
 0.325000 0.000052 -0.001335
 0.330000 0.000046 -0.001044
 0.335000 0.000041 -0.000761
 0.340000 0.000038 -0.000504
 0.345000 0.000036 -0.000265
 0.350000 0.000036 -0.000036
 0.355000 0.000036 0.000184
 0.360000 0.000037 0.000394
 0.365000 0.000040 0.000607
 0.370000 0.000043 0.000794
 0.375000 0.000048 0.000973
 0.380000 0.000053 0.001149
 0.385000 0.000059 0.001315
 0.390000 0.000066 0.001482
 0.395000 0.000074 0.001643
 0.400000 0.000083 0.001797
 0.405000 0.000092 0.001957
 0.410000 0.000102 0.002110
 0.415000 0.000113 0.002266
 0.420000 0.000125 0.002427
 0.425000 0.000137 0.002593
 0.430000 0.000151 0.002769
 0.435000 0.000165 0.002952
 0.440000 0.000180 0.003126
 0.445000 0.000196 0.003306
 0.450000 0.000213 0.003488
 0.455000 0.000231 0.003655
 0.460000 0.000250 0.003816
 0.465000 0.000270 0.003951
 0.470000 0.000290 0.004060
 0.475000 0.000310 0.004131
 0.480000 0.000332 0.004202
 0.485000 0.000353 0.004227
 0.490000 0.000374 0.004222
 0.495000 0.000396 0.004214
 0.500000 0.000417 0.004217
 0.505000 0.000439 0.004231
 0.510000 0.000460 0.004263
 0.515000 0.000483 0.004376
 0.520000 0.000505 0.004564
 0.525000 0.000530 0.004869
 0.530000 0.000555 0.005322
 0.535000 0.000584 0.005946
 0.540000 0.000616 0.006800
 0.545000 0.000654 0.007909
 0.550000 0.000697 0.009263
 0.555000 0.000748 0.010974
 0.560000 0.000809 0.012995
 0.565000 0.000880 0.015405
 0.570000 0.000965 0.018200
 0.575000 0.001065 0.021349
 0.580000 0.001181 0.024891
 0.585000 0.001316 0.028822
 0.590000 0.001472 0.033109
 0.595000 0.001649 0.037744
 0.600000 0.001851 0.042678
 0.605000 0.002080 0.047996
 0.610000 0.002335 0.053553
 0.615000 0.002618 0.059279
 0.620000 0.002931 0.065185
 0.625000 0.003274 0.071302
 0.630000 0.003648 0.077397
 0.635000 0.004052 0.083569
 0.640000 0.004487 0.089718
 0.645000 0.004953 0.095801
 0.650000 0.005449 0.101839
 0.655000 0.005975 0.107794
 0.660000 0.006531 0.113670
 0.665000 0.007117 0.119546
 0.670000 0.007733 0.125393
 0.675000 0.008377 0.131254
 0.680000 0.009051 0.137177
 0.685000 0.009755 0.143324
 0.690000 0.010491 0.149692
 0.695000 0.011260 0.156420
 0.700000 0.012064 0.163621
 0.705000 0.012906 0.171395
 0.710000 0.013789 0.179781
 0.715000 0.014717 0.189029
 0.720000 0.015695 0.199214
 0.725000 0.016727 0.210452
 0.730000 0.017822 0.223039
 0.735000 0.018984 0.236938
 0.740000 0.020222 0.252542
 0.745000 0.021548 0.270241
 0.750000 0.022972 0.290301
 0.755000 0.024511 0.313424
 0.760000 0.026187 0.340692
 0.765000 0.028008 0.371880
 0.770000 0.030020 0.409645
 0.775000 0.032242 0.454210
 0.780000 0.034752 0.509959
 0.785000 0.037604 0.579328
 0.790000 0.040842 0.663297
 0.795000 0.045026 0.799899
 0.800000 0.049718 0.952732
 0.805000 0.055259 1.141761
 0.810000 0.062287 1.407065
 0.815000 0.075116 2.058167
 0.820000 0.086566 2.540331
 0.825000 0.100721 3.143648
 0.830000 0.118247 3.893758
 0.835000 0.139951 4.819710
 0.840000 0.166790 5.953653
 0.845000 0.199891 7.330363
 0.850000 0.240558 8.986157
 0.855000 0.290279 10.957780
 0.860000 0.350721 13.280488
 0.865000 0.423720 15.985764
 0.870000 0.511256 19.098500
 0.875000 0.615409 22.633899
 0.880000 0.738303 26.593974
 0.885000 0.882031 30.963744
 0.890000 1.048564 35.707872
 0.895000 1.239636 40.767375
 0.900000 1.456622 46.057167
 0.905000 1.700403 51.464660
 0.910000 1.971230 56.849676
 0.915000 2.268586 62.046098
 0.920000 2.591063 66.865645
 0.925000 2.936270 71.103109
 0.930000 3.300764 74.544373
 0.935000 3.680027 76.975493
 0.940000 4.068494 78.193617
 0.945000 4.459637 78.018741
 0.950000 4.846112 76.305281
 0.955000 5.219953 72.953268
 0.960000 5.572833 67.917914
 0.965000 5.896350 61.216784
 0.970000 6.182357 52.934085
 0.975000 6.423298 43.220726
 0.980000 6.612531 32.291347
 0.985000 6.744630 20.416991
 0.990000 6.815645 7.914029
 0.995000 6.823295 -4.870163
 1.000000 6.767076 -17.572421
