#! FIELDS cmap hh dhh_cmap
#! SET normalisation  99999.000000
#! SET min_cmap 0
#! SET max_cmap 1
#! SET nbins_cmap  200
#! SET periodic_cmap false
 0.000000 1.426784 3.962621
 0.005000 1.439588 1.146388
 0.010000 1.438195 -1.701739
 0.015000 1.422658 -4.497293
 0.020000 1.393447 -7.158465
 0.025000 1.351424 -9.610049
 0.030000 1.297805 -11.787000
 0.035000 1.234099 -13.637287
 0.040000 1.162039 -15.123841
 0.045000 1.083503 -16.225622
 0.050000 1.000434 -16.937617
 0.055000 0.914760 -17.270077
 0.060000 0.828327 -17.246713
 0.065000 0.742829 -16.902500
 0.070000 0.659764 -16.280897
 0.075000 0.580400 -15.430936
 0.080000 0.505750 -14.404333
 0.085000 0.436565 -13.252727
 0.090000 0.373348 -12.025334
 0.095000 0.316363 -10.767030
 0.100000 0.265664 -9.516946
 0.105000 0.221126 -8.307587
 0.110000 0.182477 -7.164491
 0.115000 0.149339 -6.106256
 0.120000 0.121253 -5.144981
 0.125000 0.097717 -4.286987
 0.130000 0.078208 -3.533649
 0.135000 0.062210 -2.882374
 0.140000 0.049224 -2.327556
 0.145000 0.038787 -1.861499
 0.150000 0.030476 -1.475236
 0.155000 0.023917 -1.159199
 0.160000 0.018783 -0.903793
 0.165000 0.014794 -0.699813
 0.170000 0.011713 -0.538734
 0.175000 0.009348 -0.412890
 0.180000 0.007537 -0.315562
 0.185000 0.005874 -0.220341
 0.190000 0.003378 -0.058547
 0.195000 0.003095 -0.052086
 0.200000 0.002835 -0.045891
 0.205000 0.002610 -0.041150
 0.210000 0.002412 -0.037312
 0.215000 0.002231 -0.033927
 0.220000 0.002067 -0.030959
 0.225000 0.001916 -0.028370
 0.230000 0.001778 -0.026059
 0.235000 0.001651 -0.024069
 0.240000 0.001533 -0.022249
 0.245000 0.001425 -0.020659
 0.250000 0.001324 -0.019170
 0.255000 0.001230 -0.017774
 0.260000 0.001144 -0.016529
 0.265000 0.001064 -0.015354
 0.270000 0.000988 -0.014183
 0.275000 0.000919 -0.013183
 0.280000 0.000855 -0.012204
 0.285000 0.000796 -0.011309
 0.290000 0.000741 -0.010467
 0.295000 0.000690 -0.009658
 0.300000 0.000643 -0.008933
 0.305000 0.000600 -0.008259
 0.310000 0.000559 -0.007619
 0.315000 0.000522 -0.007029
 0.320000 0.000489 -0.006496
 0.325000 0.000457 -0.005949
 0.330000 0.000429 -0.005434
 0.335000 0.000403 -0.004911
 0.340000 0.000379 -0.004358
 0.345000 0.000359 -0.003772
 0.350000 0.000341 -0.003193
 0.355000 0.000327 -0.002594
 0.360000 0.000315 -0.001949
 0.365000 0.000307 -0.001305
 0.370000 0.000302 -0.000654
 0.375000 0.000300 -0.000006
 0.380000 0.000301 0.000628
 0.385000 0.000306 0.001216
 0.390000 0.000314 0.001776
 0.395000 0.000323 0.002266
 0.400000 0.000336 0.002678
 0.405000 0.000350 0.002991
 0.410000 0.000366 0.003197
 0.415000 0.000382 0.003315
 0.420000 0.000398 0.003306
 0.425000 0.000414 0.003197
 0.430000 0.000430 0.002986
 0.435000 0.000444 0.002694
 0.440000 0.000457 0.002354
 0.445000 0.000468 0.001955
 0.450000 0.000476 0.001551
 0.455000 0.000484 0.001165
 0.460000 0.000489 0.000809
 0.465000 0.000492 0.000534
 0.470000 0.000494 0.000342
 0.475000 0.000496 0.000243
 0.480000 0.000497 0.000279
 0.485000 0.000499 0.000475
 0.490000 0.000503 0.000805
 0.495000 0.000509 0.001340
 0.500000 0.000517 0.002016
 0.505000 0.000529 0.002855
 0.510000 0.000547 0.003874
 0.515000 0.000569 0.005025
 0.520000 0.000598 0.006310
 0.525000 0.000634 0.007770
 0.530000 0.000677 0.009337
 0.535000 0.000729 0.011047
 0.540000 0.000789 0.012854
 0.545000 0.000858 0.014773
 0.550000 0.000938 0.016835
 0.555000 0.001029 0.019036
 0.560000 0.001130 0.021370
 0.565000 0.001244 0.023854
 0.570000 0.001370 0.026505
 0.575000 0.001510 0.029341
 0.580000 0.001665 0.032385
 0.585000 0.001837 0.035673
 0.590000 0.002025 0.039197
 0.595000 0.002231 0.042896
 0.600000 0.002457 0.046860
 0.605000 0.002703 0.051070
 0.610000 0.002970 0.055406
 0.615000 0.003260 0.059981
 0.620000 0.003572 0.064683
 0.625000 0.003909 0.069506
 0.630000 0.004270 0.074402
 0.635000 0.004656 0.079400
 0.640000 0.005067 0.084438
 0.645000 0.005504 0.089505
 0.650000 0.005967 0.094583
 0.655000 0.006454 0.099570
 0.660000 0.006966 0.104563
 0.665000 0.007502 0.109489
 0.670000 0.008066 0.114583
 0.675000 0.008654 0.119589
 0.680000 0.009268 0.124752
 0.685000 0.009908 0.130040
 0.690000 0.010574 0.135428
 0.695000 0.011269 0.141148
 0.700000 0.011995 0.147320
 0.705000 0.012752 0.153841
 0.710000 0.013542 0.160771
 0.715000 0.014370 0.168374
 0.720000 0.015241 0.176846
 0.725000 0.016155 0.186080
 0.730000 0.017119 0.196232
 0.735000 0.018140 0.207697
 0.740000 0.019225 0.220700
 0.745000 0.020384 0.235562
 0.750000 0.021622 0.252374
 0.755000 0.022964 0.272502
 0.760000 0.024423 0.296225
 0.765000 0.026012 0.323955
 0.770000 0.027768 0.357648
 0.775000 0.029714 0.397928
 0.780000 0.031918 0.448483
 0.785000 0.034436 0.511830
 0.790000 0.037318 0.589638
 0.795000 0.041051 0.714670
 0.800000 0.045251 0.854633
 0.805000 0.050238 1.028453
 0.810000 0.056581 1.271565
 0.815000 0.068238 1.867760
 0.820000 0.078639 2.309460
 0.825000 0.091516 2.861726
 0.830000 0.107478 3.547930
 0.835000 0.127262 4.394474
 0.840000 0.151739 5.430656
 0.845000 0.181936 6.688124
 0.850000 0.219043 8.200029
 0.855000 0.264416 9.999819
 0.860000 0.319574 12.119663
 0.865000 0.386193 14.588168
 0.870000 0.466074 17.428099
 0.875000 0.561115 20.653351
 0.880000 0.673252 24.265667
 0.885000 0.804394 28.251461
 0.890000 0.956335 32.578558
 0.895000 1.130658 37.193105
 0.900000 1.328616 42.017616
 0.905000 1.551013 46.949380
 0.910000 1.798076 51.860670
 0.915000 2.069333 56.600108
 0.920000 2.363503 60.995931
 0.925000 2.678406 64.861143
 0.930000 3.010903 68.000440
 0.935000 3.356873 70.218789
 0.940000 3.711244 71.331246
 0.945000 4.068065 71.173562
 0.950000 4.420636 69.612942
 0.955000 4.761697 66.558101
 0.960000 5.083652 61.967980
 0.965000 5.378838 55.858589
 0.970000 5.639825 48.306400
 0.975000 5.859720 39.448886
 0.980000 6.032459 29.481847
 0.985000 6.153094 18.652139
 0.990000 6.218018 7.248088
 0.995000 6.225143 -4.413259
 1.000000 6.174005 -16.000870
