#! FIELDS cmap hh dhh_cmap
#! SET normalisation  99999.000000
#! SET min_cmap 0
#! SET max_cmap 1
#! SET nbins_cmap  200
#! SET periodic_cmap false
 0.000000 1.860888 5.138493
 0.005000 1.877436 1.464629
 0.010000 1.875466 -2.250198
 0.015000 1.855050 -5.895878
 0.020000 1.816801 -9.365772
 0.025000 1.761849 -12.561895
 0.030000 1.691781 -15.399503
 0.035000 1.608566 -17.810831
 0.040000 1.514465 -19.747636
 0.045000 1.411927 -21.182534
 0.050000 1.303488 -22.109095
 0.055000 1.191663 -22.540690
 0.060000 1.078855 -22.508284
 0.065000 0.967278 -22.057491
 0.070000 0.858884 -21.244959
 0.075000 0.755325 -20.134649
 0.080000 0.657922 -18.793941
 0.085000 0.567657 -17.290168
 0.090000 0.485184 -15.687478
 0.095000 0.410849 -14.044381
 0.100000 0.344723 -12.411903
 0.105000 0.286641 -10.832466
 0.110000 0.236254 -9.339377
 0.115000 0.193063 -7.956931
 0.120000 0.156473 -6.700968
 0.125000 0.125828 -5.579772
 0.130000 0.100447 -4.595201
 0.135000 0.079654 -3.743933
 0.140000 0.062798 -3.018717
 0.145000 0.049273 -2.409560
 0.150000 0.038528 -1.904791
 0.155000 0.030072 -1.491958
 0.160000 0.023476 -1.158556
 0.165000 0.018374 -0.892574
 0.170000 0.014457 -0.682874
 0.175000 0.011468 -0.519426
 0.180000 0.009200 -0.393432
 0.185000 0.007108 -0.269597
 0.190000 0.003953 -0.061228
 0.195000 0.003655 -0.054009
 0.200000 0.003383 -0.047487
 0.205000 0.003149 -0.042752
 0.210000 0.002940 -0.039188
 0.215000 0.002747 -0.036149
 0.220000 0.002569 -0.033710
 0.225000 0.002403 -0.031699
 0.230000 0.002245 -0.029923
 0.235000 0.002097 -0.028510
 0.240000 0.001956 -0.027222
 0.245000 0.001821 -0.026074
 0.250000 0.001692 -0.025062
 0.255000 0.001568 -0.024087
 0.260000 0.001449 -0.023125
 0.265000 0.001335 -0.022151
 0.270000 0.001225 -0.021095
 0.275000 0.001121 -0.020070
 0.280000 0.001022 -0.019052
 0.285000 0.000929 -0.017984
 0.290000 0.000841 -0.016852
 0.295000 0.000759 -0.015718
 0.300000 0.000683 -0.014549
 0.305000 0.000614 -0.013311
 0.310000 0.000550 -0.012056
 0.315000 0.000493 -0.010739
 0.320000 0.000442 -0.009415
 0.325000 0.000398 -0.008076
 0.330000 0.000361 -0.006712
 0.335000 0.000330 -0.005379
 0.340000 0.000307 -0.004070
 0.345000 0.000289 -0.002784
 0.350000 0.000278 -0.001548
 0.355000 0.000273 -0.000362
 0.360000 0.000274 0.000743
 0.365000 0.000280 0.001763
 0.370000 0.000291 0.002696
 0.375000 0.000307 0.003523
 0.380000 0.000326 0.004230
 0.385000 0.000348 0.004808
 0.390000 0.000373 0.005243
 0.395000 0.000400 0.005570
 0.400000 0.000428 0.005745
 0.405000 0.000457 0.005791
 0.410000 0.000486 0.005719
 0.415000 0.000514 0.005531
 0.420000 0.000541 0.005239
 0.425000 0.000567 0.004869
 0.430000 0.000590 0.004417
 0.435000 0.000611 0.003931
 0.440000 0.000629 0.003377
 0.445000 0.000644 0.002811
 0.450000 0.000657 0.002238
 0.455000 0.000667 0.001698
 0.460000 0.000674 0.001206
 0.465000 0.000679 0.000747
 0.470000 0.000682 0.000349
 0.475000 0.000683 0.000051
 0.480000 0.000683 -0.000137
 0.485000 0.000682 -0.000227
 0.490000 0.000681 -0.000187
 0.495000 0.000681 0.000002
 0.500000 0.000683 0.000358
 0.505000 0.000686 0.000875
 0.510000 0.000693 0.001586
 0.515000 0.000704 0.002481
 0.520000 0.000720 0.003592
 0.525000 0.000743 0.004967
 0.530000 0.000772 0.006491
 0.535000 0.000810 0.008233
 0.540000 0.000857 0.010245
 0.545000 0.000915 0.012524
 0.550000 0.000985 0.015085
 0.555000 0.001067 0.017885
 0.560000 0.001165 0.021038
 0.565000 0.001280 0.024556
 0.570000 0.001413 0.028394
 0.575000 0.001566 0.032635
 0.580000 0.001742 0.037324
 0.585000 0.001942 0.042442
 0.590000 0.002170 0.048075
 0.595000 0.002425 0.054105
 0.600000 0.002713 0.060620
 0.605000 0.003035 0.067595
 0.610000 0.003393 0.074989
 0.615000 0.003788 0.082693
 0.620000 0.004223 0.090647
 0.625000 0.004697 0.098741
 0.630000 0.005212 0.106878
 0.635000 0.005768 0.114895
 0.640000 0.006363 0.122702
 0.645000 0.006997 0.130161
 0.650000 0.007668 0.137126
 0.655000 0.008371 0.143428
 0.660000 0.009105 0.149002
 0.665000 0.009865 0.153735
 0.670000 0.010646 0.157535
 0.675000 0.011444 0.160437
 0.680000 0.012254 0.162411
 0.685000 0.013071 0.163524
 0.690000 0.013892 0.163858
 0.695000 0.014713 0.163568
 0.700000 0.015533 0.162937
 0.705000 0.016350 0.162115
 0.710000 0.017163 0.161330
 0.715000 0.017973 0.160870
 0.720000 0.018783 0.161019
 0.725000 0.019597 0.162053
 0.730000 0.020422 0.164396
 0.735000 0.021264 0.168233
 0.740000 0.022132 0.174000
 0.745000 0.023041 0.182318
 0.750000 0.023996 0.193035
 0.755000 0.025023 0.207305
 0.760000 0.026138 0.225729
 0.765000 0.027356 0.248391
 0.770000 0.028722 0.277552
 0.775000 0.030251 0.313185
 0.780000 0.032007 0.358472
 0.785000 0.034061 0.416992
 0.790000 0.036446 0.488881
 0.795000 0.039623 0.605150
 0.800000 0.043238 0.735963
 0.805000 0.047577 0.897687
 0.810000 0.053202 1.125798
 0.815000 0.063754 1.681080
 0.820000 0.073152 2.093557
 0.825000 0.084861 2.609400
 0.830000 0.099454 3.250390
 0.835000 0.117615 4.041264
 0.840000 0.140161 5.009402
 0.845000 0.168052 6.184355
 0.850000 0.202400 7.597057
 0.855000 0.244471 9.278789
 0.860000 0.295686 11.259524
 0.865000 0.357608 13.566009
 0.870000 0.431923 16.219399
 0.875000 0.520401 19.232599
 0.880000 0.624850 22.607152
 0.885000 0.747051 26.330286
 0.890000 0.888680 30.371835
 0.895000 1.051214 34.681316
 0.900000 1.235819 39.186343
 0.905000 1.443242 43.791037
 0.910000 1.673694 48.375986
 0.915000 1.926732 52.799789
 0.920000 2.201155 56.902069
 0.925000 2.494924 60.508412
 0.930000 2.805106 63.436554
 0.935000 3.127853 65.504461
 0.940000 3.458427 66.539761
 0.945000 3.791271 66.389383
 0.950000 4.120134 64.929565
 0.955000 4.438237 62.075520
 0.960000 4.738495 57.789164
 0.965000 5.013761 52.085760
 0.970000 5.257104 45.036987
 0.975000 5.462095 36.771554
 0.980000 5.623089 27.472146
 0.985000 5.735472 17.369386
 0.990000 5.795888 6.732423
 0.995000 5.802395 -4.142928
 1.000000 5.754573 -14.947970
