#! FIELDS cmap hh dhh_cmap
#! SET normalisation  99999.000000
#! SET min_cmap 0
#! SET max_cmap 1
#! SET nbins_cmap  200
#! SET periodic_cmap false
 0.000000 1.126926 3.160322
 0.005000 1.137195 0.937377
 0.010000 1.136256 -1.311690
 0.015000 1.124146 -3.520230
 0.020000 1.101230 -5.623636
 0.025000 1.068184 -7.562490
 0.030000 1.025965 -9.285337
 0.035000 0.975761 -10.750947
 0.040000 0.918935 -11.929886
 0.045000 0.856968 -12.805339
 0.050000 0.791395 -13.373155
 0.055000 0.723737 -13.641196
 0.060000 0.655452 -13.627998
 0.065000 0.587880 -13.360973
 0.070000 0.522209 -12.874299
 0.075000 0.459439 -12.206566
 0.080000 0.400377 -11.398533
 0.085000 0.345620 -10.490928
 0.090000 0.295569 -9.522634
 0.095000 0.250436 -8.529113
 0.100000 0.210268 -7.541346
 0.105000 0.174969 -6.585109
 0.110000 0.144330 -5.680685
 0.115000 0.118051 -4.842887
 0.120000 0.095774 -4.081409
 0.125000 0.077101 -3.401359
 0.130000 0.061622 -2.803939
 0.135000 0.048927 -2.287200
 0.140000 0.038623 -1.846794
 0.145000 0.030342 -1.476699
 0.150000 0.023751 -1.169857
 0.155000 0.018551 -0.918731
 0.160000 0.014483 -0.715737
 0.165000 0.011325 -0.553589
 0.170000 0.008890 -0.425523
 0.175000 0.007023 -0.325451
 0.180000 0.005598 -0.248030
 0.185000 0.004299 -0.172876
 0.190000 0.002327 -0.044019
 0.195000 0.002118 -0.038712
 0.200000 0.001926 -0.033519
 0.205000 0.001763 -0.029444
 0.210000 0.001622 -0.026041
 0.215000 0.001496 -0.022977
 0.220000 0.001385 -0.020327
 0.225000 0.001288 -0.018073
 0.230000 0.001201 -0.016073
 0.235000 0.001123 -0.014364
 0.240000 0.001053 -0.012851
 0.245000 0.000990 -0.011603
 0.250000 0.000934 -0.010639
 0.255000 0.000881 -0.009802
 0.260000 0.000833 -0.009127
 0.265000 0.000788 -0.008599
 0.270000 0.000746 -0.008175
 0.275000 0.000706 -0.007810
 0.280000 0.000667 -0.007517
 0.285000 0.000630 -0.007254
 0.290000 0.000594 -0.006992
 0.295000 0.000559 -0.006743
 0.300000 0.000526 -0.006482
 0.305000 0.000494 -0.006160
 0.310000 0.000463 -0.005846
 0.315000 0.000435 -0.005486
 0.320000 0.000408 -0.005095
 0.325000 0.000384 -0.004685
 0.330000 0.000361 -0.004237
 0.335000 0.000341 -0.003779
 0.340000 0.000323 -0.003352
 0.345000 0.000307 -0.002939
 0.350000 0.000294 -0.002538
 0.355000 0.000282 -0.002163
 0.360000 0.000272 -0.001821
 0.365000 0.000263 -0.001515
 0.370000 0.000256 -0.001244
 0.375000 0.000250 -0.001005
 0.380000 0.000246 -0.000794
 0.385000 0.000242 -0.000594
 0.390000 0.000240 -0.000422
 0.395000 0.000238 -0.000244
 0.400000 0.000237 -0.000068
 0.405000 0.000238 0.000126
 0.410000 0.000239 0.000335
 0.415000 0.000241 0.000575
 0.420000 0.000245 0.000828
 0.425000 0.000249 0.001097
 0.430000 0.000256 0.001412
 0.435000 0.000264 0.001720
 0.440000 0.000273 0.002047
 0.445000 0.000284 0.002378
 0.450000 0.000297 0.002710
 0.455000 0.000311 0.003034
 0.460000 0.000327 0.003366
 0.465000 0.000345 0.003682
 0.470000 0.000364 0.003970
 0.475000 0.000385 0.004237
 0.480000 0.000407 0.004510
 0.485000 0.000430 0.004773
 0.490000 0.000455 0.005055
 0.495000 0.000482 0.005351
 0.500000 0.000510 0.005698
 0.505000 0.000540 0.006083
 0.510000 0.000572 0.006537
 0.515000 0.000606 0.007059
 0.520000 0.000644 0.007728
 0.525000 0.000686 0.008539
 0.530000 0.000731 0.009468
 0.535000 0.000782 0.010564
 0.540000 0.000839 0.011884
 0.545000 0.000903 0.013431
 0.550000 0.000975 0.015222
 0.555000 0.001057 0.017355
 0.560000 0.001151 0.019762
 0.565000 0.001257 0.022489
 0.570000 0.001378 0.025593
 0.575000 0.001515 0.029094
 0.580000 0.001671 0.032992
 0.585000 0.001848 0.037357
 0.590000 0.002048 0.042119
 0.595000 0.002272 0.047316
 0.600000 0.002524 0.052921
 0.605000 0.002805 0.058934
 0.610000 0.003116 0.065270
 0.615000 0.003461 0.071958
 0.620000 0.003840 0.078878
 0.625000 0.004253 0.085931
 0.630000 0.004701 0.093014
 0.635000 0.005185 0.100135
 0.640000 0.005706 0.107203
 0.645000 0.006261 0.114020
 0.650000 0.006850 0.120617
 0.655000 0.007472 0.126957
 0.660000 0.008124 0.132891
 0.665000 0.008804 0.138388
 0.670000 0.009512 0.143537
 0.675000 0.010245 0.148358
 0.680000 0.011000 0.152752
 0.685000 0.011779 0.157029
 0.690000 0.012577 0.161055
 0.695000 0.013395 0.164987
 0.700000 0.014232 0.168924
 0.705000 0.015092 0.173136
 0.710000 0.015973 0.177659
 0.715000 0.016880 0.182744
 0.720000 0.017814 0.188468
 0.725000 0.018781 0.195166
 0.730000 0.019787 0.203082
 0.735000 0.020839 0.212407
 0.740000 0.021942 0.223283
 0.745000 0.023107 0.236157
 0.750000 0.024346 0.251402
 0.755000 0.025683 0.270321
 0.760000 0.027129 0.293119
 0.765000 0.028705 0.320434
 0.770000 0.030448 0.354191
 0.775000 0.032378 0.394775
 0.780000 0.034573 0.446431
 0.785000 0.037091 0.511665
 0.790000 0.039982 0.591951
 0.795000 0.043773 0.722934
 0.800000 0.048071 0.871239
 0.805000 0.053165 1.053250
 0.810000 0.059706 1.310131
 0.815000 0.071774 1.933981
 0.820000 0.082562 2.398739
 0.825000 0.095955 2.980103
 0.830000 0.112597 3.702611
 0.835000 0.133262 4.594000
 0.840000 0.158870 5.685009
 0.845000 0.190499 7.008784
 0.850000 0.229402 8.599961
 0.855000 0.277002 10.493511
 0.860000 0.334896 12.722855
 0.865000 0.404839 15.317833
 0.870000 0.488721 18.301883
 0.875000 0.588529 21.689162
 0.880000 0.706287 25.481065
 0.885000 0.843989 29.662897
 0.890000 1.003507 34.200318
 0.895000 1.186489 39.036417
 0.900000 1.394233 44.089495
 0.905000 1.627565 49.251610
 0.910000 1.886706 54.388518
 0.915000 2.171143 59.341387
 0.920000 2.479512 63.930344
 0.925000 2.809511 67.959492
 0.930000 3.157832 71.224660
 0.935000 3.520142 73.522149
 0.940000 3.891115 74.658927
 0.945000 4.264507 74.463889
 0.950000 4.633298 72.799069
 0.955000 4.989884 69.570012
 0.960000 5.326315 64.735120
 0.965000 5.634582 58.312238
 0.970000 5.906919 50.382700
 0.975000 6.136132 41.091565
 0.980000 6.315901 30.644564
 0.985000 6.441075 19.300761
 0.990000 6.507911 7.362323
 0.995000 6.514257 -4.838852
 1.000000 6.459659 -16.956459
