#! FIELDS cmap hh dhh_cmap
#! SET normalisation  99999.000000
#! SET min_cmap 0
#! SET max_cmap 1
#! SET nbins_cmap  200
#! SET periodic_cmap false
 0.000000 1.169015 3.258224
 0.005000 1.179568 0.953074
 0.010000 1.178502 -1.378395
 0.015000 1.165856 -3.667125
 0.020000 1.142014 -5.846175
 0.025000 1.107680 -7.854047
 0.030000 1.063848 -9.637517
 0.035000 1.011750 -11.154008
 0.040000 0.952804 -12.373169
 0.045000 0.888544 -13.277739
 0.050000 0.820558 -13.863589
 0.055000 0.750426 -14.139005
 0.060000 0.679654 -14.123331
 0.065000 0.609631 -13.845082
 0.070000 0.541582 -13.339721
 0.075000 0.476545 -12.647296
 0.080000 0.415351 -11.810017
 0.085000 0.358616 -10.870065
 0.090000 0.306754 -9.867641
 0.095000 0.259983 -8.839430
 0.100000 0.218349 -7.817418
 0.105000 0.181753 -6.828206
 0.110000 0.149977 -5.892694
 0.115000 0.122711 -5.026135
 0.120000 0.099584 -4.238484
 0.125000 0.080186 -3.534966
 0.130000 0.064092 -2.916778
 0.135000 0.050879 -2.381863
 0.140000 0.040142 -1.925724
 0.145000 0.031501 -1.542128
 0.150000 0.024612 -1.223793
 0.155000 0.019167 -0.962950
 0.160000 0.014900 -0.751793
 0.165000 0.011579 -0.582824
 0.170000 0.009013 -0.449091
 0.175000 0.007040 -0.344337
 0.180000 0.005530 -0.263072
 0.185000 0.004145 -0.183361
 0.190000 0.002096 -0.050157
 0.195000 0.001857 -0.043633
 0.200000 0.001640 -0.037357
 0.205000 0.001460 -0.032590
 0.210000 0.001306 -0.028612
 0.215000 0.001169 -0.025022
 0.220000 0.001049 -0.021892
 0.225000 0.000945 -0.019279
 0.230000 0.000852 -0.016883
 0.235000 0.000772 -0.014840
 0.240000 0.000700 -0.013009
 0.245000 0.000637 -0.011372
 0.250000 0.000582 -0.010010
 0.255000 0.000534 -0.008773
 0.260000 0.000492 -0.007721
 0.265000 0.000455 -0.006756
 0.270000 0.000422 -0.005941
 0.275000 0.000394 -0.005166
 0.280000 0.000370 -0.004525
 0.285000 0.000348 -0.003910
 0.290000 0.000329 -0.003320
 0.295000 0.000314 -0.002775
 0.300000 0.000300 -0.002262
 0.305000 0.000290 -0.001818
 0.310000 0.000282 -0.001372
 0.315000 0.000276 -0.000964
 0.320000 0.000272 -0.000564
 0.325000 0.000270 -0.000175
 0.330000 0.000270 0.000228
 0.335000 0.000272 0.000586
 0.340000 0.000276 0.000945
 0.345000 0.000281 0.001263
 0.350000 0.000288 0.001532
 0.355000 0.000296 0.001778
 0.360000 0.000306 0.001964
 0.365000 0.000316 0.002114
 0.370000 0.000327 0.002197
 0.375000 0.000338 0.002241
 0.380000 0.000349 0.002210
 0.385000 0.000359 0.002136
 0.390000 0.000370 0.002004
 0.395000 0.000380 0.001853
 0.400000 0.000388 0.001654
 0.405000 0.000396 0.001443
 0.410000 0.000403 0.001221
 0.415000 0.000408 0.001007
 0.420000 0.000413 0.000812
 0.425000 0.000417 0.000657
 0.430000 0.000420 0.000539
 0.435000 0.000422 0.000494
 0.440000 0.000425 0.000488
 0.445000 0.000427 0.000543
 0.450000 0.000430 0.000668
 0.455000 0.000434 0.000860
 0.460000 0.000439 0.001098
 0.465000 0.000446 0.001398
 0.470000 0.000453 0.001726
 0.475000 0.000463 0.002088
 0.480000 0.000475 0.002470
 0.485000 0.000488 0.002854
 0.490000 0.000504 0.003258
 0.495000 0.000522 0.003685
 0.500000 0.000542 0.004117
 0.505000 0.000564 0.004545
 0.510000 0.000588 0.004976
 0.515000 0.000614 0.005446
 0.520000 0.000643 0.005971
 0.525000 0.000675 0.006551
 0.530000 0.000710 0.007235
 0.535000 0.000749 0.008028
 0.540000 0.000792 0.009014
 0.545000 0.000840 0.010152
 0.550000 0.000896 0.011552
 0.555000 0.000958 0.013197
 0.560000 0.001029 0.015122
 0.565000 0.001111 0.017385
 0.570000 0.001205 0.019960
 0.575000 0.001312 0.022895
 0.580000 0.001436 0.026254
 0.585000 0.001578 0.029984
 0.590000 0.001738 0.034053
 0.595000 0.001920 0.038503
 0.600000 0.002126 0.043333
 0.605000 0.002357 0.048480
 0.610000 0.002613 0.053884
 0.615000 0.002898 0.059541
 0.620000 0.003212 0.065365
 0.625000 0.003555 0.071350
 0.630000 0.003928 0.077316
 0.635000 0.004331 0.083320
 0.640000 0.004763 0.089181
 0.645000 0.005225 0.094965
 0.650000 0.005715 0.100523
 0.655000 0.006233 0.105864
 0.660000 0.006778 0.111007
 0.665000 0.007348 0.115912
 0.670000 0.007941 0.120489
 0.675000 0.008558 0.124885
 0.680000 0.009195 0.128996
 0.685000 0.009853 0.133031
 0.690000 0.010532 0.136976
 0.695000 0.011230 0.140898
 0.700000 0.011948 0.144916
 0.705000 0.012687 0.149077
 0.710000 0.013450 0.153755
 0.715000 0.014237 0.158837
 0.720000 0.015053 0.164710
 0.725000 0.015900 0.171355
 0.730000 0.016788 0.179384
 0.735000 0.017719 0.188677
 0.740000 0.018705 0.199865
 0.745000 0.019757 0.213419
 0.750000 0.020884 0.229418
 0.755000 0.022113 0.249441
 0.760000 0.023462 0.274078
 0.765000 0.024944 0.303285
 0.770000 0.026607 0.339731
 0.775000 0.028477 0.383913
 0.780000 0.030624 0.439429
 0.785000 0.033124 0.509867
 0.790000 0.036011 0.595164
 0.795000 0.039823 0.731443
 0.800000 0.044160 0.884765
 0.805000 0.049334 1.072701
 0.810000 0.055963 1.333776
 0.815000 0.068169 1.963146
 0.820000 0.079114 2.432162
 0.825000 0.092682 3.016512
 0.830000 0.109511 3.740310
 0.835000 0.130363 4.630806
 0.840000 0.156146 5.718263
 0.845000 0.187927 7.035336
 0.850000 0.226939 8.616261
 0.855000 0.274587 10.495627
 0.860000 0.332447 12.706597
 0.865000 0.402254 15.278753
 0.870000 0.485875 18.235548
 0.875000 0.585273 21.591203
 0.880000 0.702454 25.347482
 0.885000 0.839392 29.490138
 0.890000 0.997943 33.985590
 0.895000 1.179742 38.777981
 0.900000 1.386084 43.786701
 0.905000 1.617792 48.905210
 0.910000 1.875097 54.000734
 0.915000 2.157498 58.916206
 0.920000 2.463660 63.473279
 0.925000 2.791309 67.477853
 0.930000 3.137178 70.727298
 0.935000 3.496983 73.019105
 0.940000 3.865450 74.161401
 0.945000 4.236393 73.983814
 0.950000 4.602853 72.348468
 0.955000 4.957285 69.160778
 0.960000 5.291798 64.378430
 0.965000 5.598433 58.018104
 0.970000 5.869474 50.159399
 0.975000 6.097761 40.945379
 0.980000 6.277002 30.579458
 0.985000 6.402058 19.318240
 0.990000 6.469185 7.461434
 0.995000 6.476223 -4.661689
 1.000000 6.422695 -16.707029
