#! FIELDS cmap hh dhh_cmap
#! SET normalisation  99999.000000
#! SET min_cmap 0
#! SET max_cmap 1
#! SET nbins_cmap  200
#! SET periodic_cmap false
 0.000000 1.134245 3.144754
 0.005000 1.144397 0.906294
 0.010000 1.143266 -1.357405
 0.015000 1.130893 -3.579259
 0.020000 1.107651 -5.694256
 0.025000 1.074228 -7.642657
 0.030000 1.031590 -9.372785
 0.035000 0.980934 -10.843323
 0.040000 0.923639 -12.024827
 0.045000 0.861196 -12.900568
 0.050000 0.795150 -13.466585
 0.055000 0.727034 -13.730982
 0.060000 0.658312 -13.712605
 0.065000 0.590333 -13.439219
 0.070000 0.524288 -12.945338
 0.075000 0.461182 -12.269912
 0.080000 0.401823 -11.454007
 0.085000 0.346808 -10.538646
 0.090000 0.296536 -9.562932
 0.095000 0.251220 -8.562514
 0.100000 0.210900 -7.568507
 0.105000 0.175480 -6.606756
 0.110000 0.144745 -5.697565
 0.115000 0.118392 -4.855738
 0.120000 0.096059 -4.090938
 0.125000 0.077346 -3.408199
 0.130000 0.061838 -2.808666
 0.135000 0.049124 -2.290304
 0.140000 0.038807 -1.848691
 0.145000 0.030519 -1.477734
 0.150000 0.023924 -1.170317
 0.155000 0.018723 -0.918849
 0.160000 0.014655 -0.715710
 0.165000 0.011497 -0.553578
 0.170000 0.009062 -0.425665
 0.175000 0.007194 -0.325862
 0.180000 0.005766 -0.248798
 0.185000 0.004449 -0.173172
 0.190000 0.002481 -0.045597
 0.195000 0.002260 -0.040694
 0.200000 0.002055 -0.036046
 0.205000 0.001879 -0.032597
 0.210000 0.001720 -0.029689
 0.215000 0.001575 -0.027111
 0.220000 0.001443 -0.024859
 0.225000 0.001322 -0.022774
 0.230000 0.001211 -0.020864
 0.235000 0.001110 -0.019182
 0.240000 0.001018 -0.017546
 0.245000 0.000932 -0.015934
 0.250000 0.000855 -0.014495
 0.255000 0.000785 -0.013094
 0.260000 0.000722 -0.011806
 0.265000 0.000666 -0.010610
 0.270000 0.000615 -0.009490
 0.275000 0.000570 -0.008455
 0.280000 0.000529 -0.007489
 0.285000 0.000493 -0.006655
 0.290000 0.000461 -0.005916
 0.295000 0.000433 -0.005247
 0.300000 0.000408 -0.004684
 0.305000 0.000385 -0.004175
 0.310000 0.000365 -0.003753
 0.315000 0.000347 -0.003378
 0.320000 0.000331 -0.003049
 0.325000 0.000317 -0.002723
 0.330000 0.000304 -0.002418
 0.335000 0.000292 -0.002137
 0.340000 0.000282 -0.001851
 0.345000 0.000274 -0.001566
 0.350000 0.000266 -0.001276
 0.355000 0.000260 -0.000973
 0.360000 0.000256 -0.000681
 0.365000 0.000253 -0.000367
 0.370000 0.000252 -0.000066
 0.375000 0.000252 0.000238
 0.380000 0.000254 0.000520
 0.385000 0.000258 0.000789
 0.390000 0.000262 0.001041
 0.395000 0.000268 0.001279
 0.400000 0.000274 0.001467
 0.405000 0.000282 0.001615
 0.410000 0.000291 0.001739
 0.415000 0.000300 0.001831
 0.420000 0.000309 0.001887
 0.425000 0.000319 0.001932
 0.430000 0.000329 0.001958
 0.435000 0.000338 0.001957
 0.440000 0.000348 0.001953
 0.445000 0.000358 0.001947
 0.450000 0.000368 0.001954
 0.455000 0.000378 0.001963
 0.460000 0.000388 0.002005
 0.465000 0.000398 0.002071
 0.470000 0.000409 0.002164
 0.475000 0.000420 0.002300
 0.480000 0.000432 0.002473
 0.485000 0.000445 0.002686
 0.490000 0.000459 0.002953
 0.495000 0.000474 0.003261
 0.500000 0.000492 0.003643
 0.505000 0.000512 0.004111
 0.510000 0.000534 0.004633
 0.515000 0.000560 0.005244
 0.520000 0.000588 0.005932
 0.525000 0.000620 0.006690
 0.530000 0.000656 0.007570
 0.535000 0.000697 0.008514
 0.540000 0.000742 0.009569
 0.545000 0.000793 0.010731
 0.550000 0.000851 0.012024
 0.555000 0.000914 0.013413
 0.560000 0.000985 0.014916
 0.565000 0.001064 0.016553
 0.570000 0.001152 0.018334
 0.575000 0.001249 0.020291
 0.580000 0.001357 0.022439
 0.585000 0.001475 0.024741
 0.590000 0.001606 0.027265
 0.595000 0.001750 0.029982
 0.600000 0.001909 0.032917
 0.605000 0.002082 0.036007
 0.610000 0.002271 0.039347
 0.615000 0.002478 0.042894
 0.620000 0.002703 0.046638
 0.625000 0.002948 0.050577
 0.630000 0.003212 0.054624
 0.635000 0.003497 0.058841
 0.640000 0.003803 0.063158
 0.645000 0.004132 0.067601
 0.650000 0.004483 0.072132
 0.655000 0.004857 0.076725
 0.660000 0.005256 0.081471
 0.665000 0.005677 0.086310
 0.670000 0.006123 0.091259
 0.675000 0.006594 0.096339
 0.680000 0.007092 0.101771
 0.685000 0.007618 0.107497
 0.690000 0.008175 0.113750
 0.695000 0.008763 0.120413
 0.700000 0.009386 0.127689
 0.705000 0.010048 0.135681
 0.710000 0.010753 0.144524
 0.715000 0.011506 0.154339
 0.720000 0.012311 0.165157
 0.725000 0.013172 0.177007
 0.730000 0.014099 0.190182
 0.735000 0.015101 0.204991
 0.740000 0.016181 0.221280
 0.745000 0.017352 0.239595
 0.750000 0.018621 0.259929
 0.755000 0.020014 0.283577
 0.760000 0.021536 0.310521
 0.765000 0.023204 0.341326
 0.770000 0.025056 0.377919
 0.775000 0.027115 0.421203
 0.780000 0.029447 0.474693
 0.785000 0.032111 0.541295
 0.790000 0.035146 0.621904
 0.795000 0.039070 0.751559
 0.800000 0.043492 0.897706
 0.805000 0.048726 1.078520
 0.810000 0.055385 1.332719
 0.815000 0.067584 1.955302
 0.820000 0.078471 2.416845
 0.825000 0.091946 2.994492
 0.830000 0.108650 3.712786
 0.835000 0.129354 4.599466
 0.840000 0.154976 5.685267
 0.845000 0.186593 7.003309
 0.850000 0.225454 8.588327
 0.855000 0.272980 10.475312
 0.860000 0.330766 12.697832
 0.865000 0.400567 15.285870
 0.870000 0.484273 18.263121
 0.875000 0.583870 21.643959
 0.880000 0.701387 25.430182
 0.885000 0.838823 29.607426
 0.890000 0.998057 34.141850
 0.895000 1.180743 38.977133
 0.900000 1.388194 44.031904
 0.905000 1.621249 49.198703
 0.910000 1.880145 54.343664
 0.915000 2.164385 59.308269
 0.920000 2.472627 63.912569
 0.925000 2.802584 67.960789
 0.930000 3.150966 71.248417
 0.935000 3.513458 73.571177
 0.940000 3.884744 74.735388
 0.945000 4.258590 74.569032
 0.950000 4.627980 72.932944
 0.955000 4.985305 69.731659
 0.960000 5.322610 64.922204
 0.965000 5.631868 58.521291
 0.970000 5.905298 50.609033
 0.975000 6.135674 41.329732
 0.980000 6.316651 30.888292
 0.985000 6.443045 19.543431
 0.990000 6.511077 7.597265
 0.995000 6.518564 -4.618194
 1.000000 6.465021 -16.756074
