#! FIELDS cmap hh dhh_cmap
#! SET normalisation  99999.000000
#! SET min_cmap 0
#! SET max_cmap 1
#! SET nbins_cmap  200
#! SET periodic_cmap false
 0.000000 1.773814 4.924741
 0.005000 1.789719 1.421593
 0.010000 1.787963 -2.121563
 0.015000 1.768612 -5.599646
 0.020000 1.732246 -8.910902
 0.025000 1.679938 -11.961737
 0.030000 1.613199 -14.671209
 0.035000 1.533904 -16.974502
 0.040000 1.444209 -18.825421
 0.045000 1.346449 -20.197667
 0.050000 1.243042 -21.084902
 0.055000 1.136388 -21.499753
 0.060000 1.028783 -21.471621
 0.065000 0.922339 -21.043899
 0.070000 0.818921 -20.270582
 0.075000 0.720107 -19.212626
 0.080000 0.627162 -17.934322
 0.085000 0.541024 -16.499931
 0.090000 0.462320 -14.970726
 0.095000 0.391381 -13.402594
 0.100000 0.328277 -11.844307
 0.105000 0.272854 -10.336426
 0.110000 0.224776 -8.910816
 0.115000 0.183570 -7.590750
 0.120000 0.148667 -6.391421
 0.125000 0.119441 -5.320786
 0.130000 0.095241 -4.380654
 0.135000 0.075422 -3.567884
 0.140000 0.059361 -2.875573
 0.145000 0.046481 -2.294175
 0.150000 0.036254 -1.812516
 0.155000 0.028210 -1.418722
 0.160000 0.021940 -1.100817
 0.165000 0.017094 -0.847303
 0.170000 0.013377 -0.647522
 0.175000 0.010546 -0.491864
 0.180000 0.008399 -0.371914
 0.185000 0.006435 -0.255067
 0.190000 0.003417 -0.054756
 0.195000 0.003153 -0.048199
 0.200000 0.002909 -0.042003
 0.205000 0.002704 -0.037566
 0.210000 0.002521 -0.033966
 0.215000 0.002354 -0.030813
 0.220000 0.002204 -0.028151
 0.225000 0.002067 -0.025842
 0.230000 0.001941 -0.023718
 0.235000 0.001825 -0.021721
 0.240000 0.001719 -0.019909
 0.245000 0.001621 -0.018119
 0.250000 0.001533 -0.016535
 0.255000 0.001452 -0.014951
 0.260000 0.001381 -0.013453
 0.265000 0.001316 -0.011996
 0.270000 0.001259 -0.010615
 0.275000 0.001209 -0.009320
 0.280000 0.001165 -0.008104
 0.285000 0.001126 -0.006980
 0.290000 0.001094 -0.005991
 0.295000 0.001066 -0.005105
 0.300000 0.001041 -0.004361
 0.305000 0.001021 -0.003780
 0.310000 0.001003 -0.003350
 0.315000 0.000986 -0.003036
 0.320000 0.000971 -0.002894
 0.325000 0.000957 -0.002854
 0.330000 0.000942 -0.002932
 0.335000 0.000927 -0.003097
 0.340000 0.000910 -0.003361
 0.345000 0.000893 -0.003665
 0.350000 0.000873 -0.004015
 0.355000 0.000852 -0.004384
 0.360000 0.000829 -0.004752
 0.365000 0.000805 -0.005109
 0.370000 0.000778 -0.005437
 0.375000 0.000750 -0.005744
 0.380000 0.000721 -0.005974
 0.385000 0.000690 -0.006174
 0.390000 0.000658 -0.006294
 0.395000 0.000627 -0.006367
 0.400000 0.000595 -0.006385
 0.405000 0.000563 -0.006346
 0.410000 0.000531 -0.006233
 0.415000 0.000500 -0.006027
 0.420000 0.000471 -0.005792
 0.425000 0.000443 -0.005505
 0.430000 0.000416 -0.005159
 0.435000 0.000391 -0.004772
 0.440000 0.000368 -0.004344
 0.445000 0.000348 -0.003864
 0.450000 0.000330 -0.003351
 0.455000 0.000314 -0.002818
 0.460000 0.000302 -0.002258
 0.465000 0.000292 -0.001679
 0.470000 0.000285 -0.001048
 0.475000 0.000282 -0.000405
 0.480000 0.000282 0.000280
 0.485000 0.000285 0.000977
 0.490000 0.000292 0.001688
 0.495000 0.000303 0.002482
 0.500000 0.000318 0.003305
 0.505000 0.000336 0.004141
 0.510000 0.000360 0.005055
 0.515000 0.000388 0.006048
 0.520000 0.000421 0.007075
 0.525000 0.000460 0.008174
 0.530000 0.000504 0.009378
 0.535000 0.000555 0.010667
 0.540000 0.000612 0.012095
 0.545000 0.000677 0.013674
 0.550000 0.000751 0.015451
 0.555000 0.000834 0.017423
 0.560000 0.000927 0.019589
 0.565000 0.001032 0.022030
 0.570000 0.001149 0.024717
 0.575000 0.001281 0.027717
 0.580000 0.001428 0.031055
 0.585000 0.001594 0.034786
 0.590000 0.001779 0.038875
 0.595000 0.001985 0.043297
 0.600000 0.002214 0.048068
 0.605000 0.002468 0.053200
 0.610000 0.002748 0.058604
 0.615000 0.003056 0.064290
 0.620000 0.003393 0.070161
 0.625000 0.003760 0.076188
 0.630000 0.004157 0.082294
 0.635000 0.004586 0.088443
 0.640000 0.005045 0.094438
 0.645000 0.005534 0.100274
 0.650000 0.006051 0.105872
 0.655000 0.006595 0.111105
 0.660000 0.007164 0.115923
 0.665000 0.007756 0.120244
 0.670000 0.008369 0.124093
 0.675000 0.009001 0.127488
 0.680000 0.009648 0.130364
 0.685000 0.010308 0.132738
 0.690000 0.010980 0.134779
 0.695000 0.011661 0.136525
 0.700000 0.012352 0.138115
 0.705000 0.013050 0.139579
 0.710000 0.013757 0.141241
 0.715000 0.014473 0.143218
 0.720000 0.015202 0.145736
 0.725000 0.015946 0.148993
 0.730000 0.016711 0.153393
 0.735000 0.017502 0.159060
 0.740000 0.018331 0.166720
 0.745000 0.019206 0.176587
 0.750000 0.020138 0.188912
 0.755000 0.021153 0.205165
 0.760000 0.022265 0.225618
 0.765000 0.023489 0.250549
 0.770000 0.024873 0.282342
 0.775000 0.026434 0.321133
 0.780000 0.028242 0.370448
 0.785000 0.030364 0.433306
 0.790000 0.032833 0.509827
 0.795000 0.036137 0.632604
 0.800000 0.039918 0.771280
 0.805000 0.044468 0.942361
 0.810000 0.050348 1.180706
 0.815000 0.061270 1.751988
 0.820000 0.071056 2.178571
 0.825000 0.083230 2.710263
 0.830000 0.098370 3.368988
 0.835000 0.117173 4.179612
 0.840000 0.140465 5.169584
 0.845000 0.169216 6.368661
 0.850000 0.204551 7.807949
 0.855000 0.247748 9.518865
 0.860000 0.300241 11.531646
 0.865000 0.363611 13.873145
 0.870000 0.439556 16.564694
 0.875000 0.529862 19.619341
 0.880000 0.636356 23.038636
 0.885000 0.760834 26.809695
 0.890000 0.904988 30.902038
 0.895000 1.070305 35.264906
 0.900000 1.257965 39.825015
 0.905000 1.468722 44.485462
 0.910000 1.702785 49.125547
 0.915000 1.959704 53.602293
 0.920000 2.238263 57.753382
 0.925000 2.536398 61.402080
 0.930000 2.851137 64.363913
 0.935000 3.178583 66.454418
 0.940000 3.513935 67.498860
 0.945000 3.851565 67.341911
 0.950000 4.185138 65.858047
 0.955000 4.507784 62.960919
 0.960000 4.812321 58.611794
 0.965000 5.091502 52.825772
 0.970000 5.338299 45.675306
 0.975000 5.546193 37.290575
 0.980000 5.709451 27.856750
 0.985000 5.823396 17.607457
 0.990000 5.884618 6.815611
 0.995000 5.891144 -4.218837
 1.000000 5.842542 -15.182668
