#! FIELDS cmap hh dhh_cmap
#! SET normalisation  99999.000000
#! SET min_cmap 0
#! SET max_cmap 1
#! SET nbins_cmap  200
#! SET periodic_cmap false
 0.000000 0.761231 2.128343
 0.005000 0.768137 0.627225
 0.010000 0.767475 -0.891277
 0.015000 0.759270 -2.382156
 0.020000 0.743772 -3.801818
 0.025000 0.721438 -5.110161
 0.030000 0.692914 -6.272474
 0.035000 0.659003 -7.260975
 0.040000 0.620628 -8.055833
 0.045000 0.578787 -8.645747
 0.050000 0.534517 -9.027968
 0.055000 0.488845 -9.207846
 0.060000 0.442755 -9.197942
 0.065000 0.397151 -9.016809
 0.070000 0.352834 -8.687536
 0.075000 0.310480 -8.236226
 0.080000 0.270629 -7.690399
 0.085000 0.233687 -7.077564
 0.090000 0.199922 -6.423975
 0.095000 0.169475 -5.753572
 0.100000 0.142379 -5.087233
 0.105000 0.118567 -4.442377
 0.110000 0.097897 -3.832650
 0.115000 0.080165 -3.268020
 0.120000 0.065130 -2.755008
 0.125000 0.052524 -2.297019
 0.130000 0.042067 -1.894827
 0.135000 0.033484 -1.547076
 0.140000 0.026510 -1.250793
 0.145000 0.020898 -1.001876
 0.150000 0.016421 -0.795530
 0.155000 0.012880 -0.626641
 0.160000 0.010100 -0.490071
 0.165000 0.007933 -0.380886
 0.170000 0.006254 -0.294517
 0.175000 0.004957 -0.226857
 0.180000 0.003960 -0.174309
 0.185000 0.003045 -0.122810
 0.190000 0.001691 -0.035768
 0.195000 0.001520 -0.031369
 0.200000 0.001365 -0.026950
 0.205000 0.001236 -0.023362
 0.210000 0.001126 -0.020280
 0.215000 0.001029 -0.017325
 0.220000 0.000948 -0.014732
 0.225000 0.000879 -0.012434
 0.230000 0.000820 -0.010372
 0.235000 0.000772 -0.008653
 0.240000 0.000731 -0.007159
 0.245000 0.000697 -0.005941
 0.250000 0.000669 -0.005043
 0.255000 0.000645 -0.004374
 0.260000 0.000624 -0.003933
 0.265000 0.000604 -0.003700
 0.270000 0.000586 -0.003621
 0.275000 0.000567 -0.003669
 0.280000 0.000548 -0.003848
 0.285000 0.000528 -0.004099
 0.290000 0.000507 -0.004380
 0.295000 0.000484 -0.004636
 0.300000 0.000460 -0.004916
 0.305000 0.000434 -0.005172
 0.310000 0.000407 -0.005329
 0.315000 0.000380 -0.005440
 0.320000 0.000353 -0.005471
 0.325000 0.000326 -0.005410
 0.330000 0.000299 -0.005258
 0.335000 0.000272 -0.004986
 0.340000 0.000248 -0.004672
 0.345000 0.000226 -0.004284
 0.350000 0.000205 -0.003843
 0.355000 0.000187 -0.003346
 0.360000 0.000172 -0.002819
 0.365000 0.000159 -0.002266
 0.370000 0.000149 -0.001711
 0.375000 0.000142 -0.001164
 0.380000 0.000138 -0.000621
 0.385000 0.000136 -0.000114
 0.390000 0.000137 0.000353
 0.395000 0.000139 0.000786
 0.400000 0.000144 0.001162
 0.405000 0.000151 0.001490
 0.410000 0.000159 0.001781
 0.415000 0.000169 0.002013
 0.420000 0.000179 0.002198
 0.425000 0.000191 0.002339
 0.430000 0.000203 0.002439
 0.435000 0.000215 0.002511
 0.440000 0.000228 0.002551
 0.445000 0.000241 0.002586
 0.450000 0.000254 0.002616
 0.455000 0.000267 0.002622
 0.460000 0.000280 0.002647
 0.465000 0.000293 0.002713
 0.470000 0.000307 0.002789
 0.475000 0.000322 0.002888
 0.480000 0.000337 0.003040
 0.485000 0.000353 0.003237
 0.490000 0.000370 0.003498
 0.495000 0.000388 0.003812
 0.500000 0.000408 0.004206
 0.505000 0.000431 0.004680
 0.510000 0.000456 0.005225
 0.515000 0.000484 0.005896
 0.520000 0.000516 0.006634
 0.525000 0.000551 0.007492
 0.530000 0.000592 0.008510
 0.535000 0.000638 0.009635
 0.540000 0.000690 0.010906
 0.545000 0.000748 0.012351
 0.550000 0.000815 0.013967
 0.555000 0.000890 0.015770
 0.560000 0.000974 0.017772
 0.565000 0.001069 0.019997
 0.570000 0.001176 0.022443
 0.575000 0.001295 0.025087
 0.580000 0.001429 0.027976
 0.585000 0.001577 0.031046
 0.590000 0.001741 0.034336
 0.595000 0.001922 0.037824
 0.600000 0.002121 0.041462
 0.605000 0.002339 0.045281
 0.610000 0.002577 0.049222
 0.615000 0.002834 0.053277
 0.620000 0.003112 0.057450
 0.625000 0.003410 0.061621
 0.630000 0.003730 0.065864
 0.635000 0.004072 0.070167
 0.640000 0.004435 0.074540
 0.645000 0.004822 0.078979
 0.650000 0.005229 0.083376
 0.655000 0.005659 0.087820
 0.660000 0.006113 0.092412
 0.665000 0.006589 0.097006
 0.670000 0.007088 0.101682
 0.675000 0.007611 0.106486
 0.680000 0.008159 0.111453
 0.685000 0.008732 0.116642
 0.690000 0.009332 0.122104
 0.695000 0.009962 0.127980
 0.700000 0.010620 0.134168
 0.705000 0.011313 0.140994
 0.710000 0.012041 0.148422
 0.715000 0.012810 0.156724
 0.720000 0.013622 0.165892
 0.725000 0.014487 0.176417
 0.730000 0.015411 0.188372
 0.735000 0.016398 0.201865
 0.740000 0.017462 0.217503
 0.745000 0.018616 0.235764
 0.750000 0.019870 0.256788
 0.755000 0.021251 0.281907
 0.760000 0.022777 0.311661
 0.765000 0.024464 0.346311
 0.770000 0.026357 0.388085
 0.775000 0.028487 0.437912
 0.780000 0.030924 0.499197
 0.785000 0.033746 0.575740
 0.790000 0.036995 0.668066
 0.795000 0.041195 0.811304
 0.800000 0.045965 0.972810
 0.805000 0.051636 1.171660
 0.810000 0.058840 1.447168
 0.815000 0.071951 2.112793
 0.820000 0.083706 2.607357
 0.825000 0.098228 3.223866
 0.830000 0.116190 3.987993
 0.835000 0.138401 4.928835
 0.840000 0.165825 6.078575
 0.845000 0.199592 7.472012
 0.850000 0.241012 9.145602
 0.855000 0.291576 11.136101
 0.860000 0.352959 13.478755
 0.865000 0.427002 16.205088
 0.870000 0.515690 19.339989
 0.875000 0.621109 22.898598
 0.880000 0.745386 26.882859
 0.885000 0.890621 31.277604
 0.890000 1.058787 36.047360
 0.895000 1.251621 41.132912
 0.900000 1.470500 46.448749
 0.905000 1.716304 51.881887
 0.910000 1.989280 57.291641
 0.915000 2.288903 62.511287
 0.920000 2.613760 67.351673
 0.925000 2.961444 71.606836
 0.930000 3.328492 75.061641
 0.935000 3.710365 77.501118
 0.940000 4.101468 78.721374
 0.945000 4.495240 78.541361
 0.950000 4.884298 76.814461
 0.955000 5.260634 73.439973
 0.960000 5.615870 68.372512
 0.965000 5.941560 61.629322
 0.970000 6.229504 53.294602
 0.975000 6.472099 43.519815
 0.980000 6.662656 32.520532
 0.985000 6.795711 20.569017
 0.990000 6.867284 7.983115
 0.995000 6.875065 -4.887372
 1.000000 6.818541 -17.677300
