#! FIELDS cmap hh dhh_cmap
#! SET normalisation  99999.000000
#! SET min_cmap 0
#! SET max_cmap 1
#! SET nbins_cmap  200
#! SET periodic_cmap false
 0.000000 0.975124 2.690512
 0.005000 0.983787 0.766441
 0.010000 0.982753 -1.178812
 0.015000 0.972060 -3.087583
 0.020000 0.952032 -4.904002
 0.025000 0.923260 -6.576835
 0.030000 0.886577 -8.061748
 0.035000 0.843015 -9.323306
 0.040000 0.793759 -10.336319
 0.045000 0.740091 -11.086533
 0.050000 0.683338 -11.570658
 0.055000 0.624816 -11.795769
 0.060000 0.565785 -11.778151
 0.065000 0.507400 -11.541747
 0.070000 0.450683 -11.116262
 0.075000 0.396497 -10.535209
 0.080000 0.345531 -9.833871
 0.085000 0.298300 -9.047494
 0.090000 0.255142 -8.209649
 0.095000 0.216238 -7.350921
 0.100000 0.181623 -6.497972
 0.105000 0.151211 -5.672946
 0.110000 0.124818 -4.893208
 0.115000 0.102183 -4.171420
 0.120000 0.082993 -3.515801
 0.125000 0.066907 -2.930621
 0.130000 0.053568 -2.416798
 0.135000 0.042623 -1.972541
 0.140000 0.033733 -1.594007
 0.145000 0.026582 -1.275945
 0.150000 0.020883 -1.012233
 0.155000 0.016380 -0.796335
 0.160000 0.012851 -0.621725
 0.165000 0.010105 -0.482124
 0.170000 0.007981 -0.371726
 0.175000 0.006347 -0.285311
 0.180000 0.005096 -0.218309
 0.185000 0.003939 -0.152111
 0.190000 0.002236 -0.041765
 0.195000 0.002036 -0.036711
 0.200000 0.001853 -0.031775
 0.205000 0.001701 -0.028009
 0.210000 0.001568 -0.024785
 0.215000 0.001449 -0.021849
 0.220000 0.001344 -0.019317
 0.225000 0.001252 -0.017120
 0.230000 0.001170 -0.015126
 0.235000 0.001098 -0.013455
 0.240000 0.001033 -0.011945
 0.245000 0.000975 -0.010702
 0.250000 0.000923 -0.009568
 0.255000 0.000877 -0.008595
 0.260000 0.000835 -0.007764
 0.265000 0.000797 -0.007071
 0.270000 0.000763 -0.006460
 0.275000 0.000731 -0.005949
 0.280000 0.000702 -0.005526
 0.285000 0.000675 -0.005140
 0.290000 0.000650 -0.004832
 0.295000 0.000626 -0.004553
 0.300000 0.000603 -0.004299
 0.305000 0.000582 -0.004120
 0.310000 0.000562 -0.003943
 0.315000 0.000542 -0.003786
 0.320000 0.000524 -0.003614
 0.325000 0.000506 -0.003464
 0.330000 0.000488 -0.003310
 0.335000 0.000472 -0.003165
 0.340000 0.000457 -0.002995
 0.345000 0.000442 -0.002812
 0.350000 0.000428 -0.002622
 0.355000 0.000416 -0.002418
 0.360000 0.000404 -0.002202
 0.365000 0.000394 -0.001979
 0.370000 0.000384 -0.001745
 0.375000 0.000376 -0.001507
 0.380000 0.000369 -0.001288
 0.385000 0.000363 -0.001042
 0.390000 0.000358 -0.000833
 0.395000 0.000355 -0.000642
 0.400000 0.000352 -0.000461
 0.405000 0.000350 -0.000282
 0.410000 0.000349 -0.000114
 0.415000 0.000349 0.000044
 0.420000 0.000350 0.000199
 0.425000 0.000351 0.000370
 0.430000 0.000354 0.000537
 0.435000 0.000357 0.000731
 0.440000 0.000361 0.000934
 0.445000 0.000366 0.001159
 0.450000 0.000373 0.001411
 0.455000 0.000380 0.001672
 0.460000 0.000389 0.001964
 0.465000 0.000400 0.002293
 0.470000 0.000413 0.002668
 0.475000 0.000427 0.003075
 0.480000 0.000444 0.003530
 0.485000 0.000463 0.004018
 0.490000 0.000484 0.004572
 0.495000 0.000509 0.005170
 0.500000 0.000537 0.005816
 0.505000 0.000568 0.006550
 0.510000 0.000603 0.007341
 0.515000 0.000642 0.008158
 0.520000 0.000686 0.009065
 0.525000 0.000734 0.010011
 0.530000 0.000787 0.011027
 0.535000 0.000845 0.012078
 0.540000 0.000909 0.013191
 0.545000 0.000978 0.014359
 0.550000 0.001053 0.015588
 0.555000 0.001135 0.016916
 0.560000 0.001224 0.018346
 0.565000 0.001320 0.019910
 0.570000 0.001424 0.021593
 0.575000 0.001537 0.023440
 0.580000 0.001660 0.025449
 0.585000 0.001793 0.027706
 0.590000 0.001939 0.030236
 0.595000 0.002098 0.033041
 0.600000 0.002272 0.036073
 0.605000 0.002462 0.039399
 0.610000 0.002669 0.043008
 0.615000 0.002895 0.046916
 0.620000 0.003141 0.051030
 0.625000 0.003408 0.055350
 0.630000 0.003698 0.059825
 0.635000 0.004011 0.064482
 0.640000 0.004346 0.069163
 0.645000 0.004706 0.073900
 0.650000 0.005089 0.078658
 0.655000 0.005496 0.083369
 0.660000 0.005927 0.088108
 0.665000 0.006382 0.092835
 0.670000 0.006860 0.097542
 0.675000 0.007362 0.102366
 0.680000 0.007888 0.107329
 0.685000 0.008441 0.112596
 0.690000 0.009021 0.118158
 0.695000 0.009630 0.124218
 0.700000 0.010270 0.130803
 0.705000 0.010946 0.138097
 0.710000 0.011661 0.146231
 0.715000 0.012421 0.155432
 0.720000 0.013229 0.165584
 0.725000 0.014092 0.176892
 0.730000 0.015019 0.189634
 0.735000 0.016013 0.203695
 0.740000 0.017087 0.219606
 0.745000 0.018247 0.237261
 0.750000 0.019503 0.257019
 0.755000 0.020880 0.280119
 0.760000 0.022386 0.306608
 0.765000 0.024034 0.336769
 0.770000 0.025861 0.372671
 0.775000 0.027891 0.415039
 0.780000 0.030190 0.467631
 0.785000 0.032821 0.533598
 0.790000 0.035832 0.614555
 0.795000 0.039730 0.744792
 0.800000 0.044128 0.891902
 0.805000 0.049332 1.073630
 0.810000 0.055993 1.331267
 0.815000 0.068320 1.966583
 0.820000 0.079283 2.436691
 0.825000 0.092885 3.025897
 0.830000 0.109782 3.759436
 0.835000 0.130767 4.665812
 0.840000 0.156781 5.776549
 0.845000 0.188929 7.125715
 0.850000 0.228494 8.748884
 0.855000 0.276934 10.682004
 0.860000 0.335887 12.959475
 0.865000 0.407154 15.612022
 0.870000 0.492673 18.663965
 0.875000 0.594483 22.130021
 0.880000 0.714665 26.011957
 0.885000 0.855271 30.295093
 0.890000 1.018227 34.944642
 0.895000 1.205231 39.902813
 0.900000 1.417630 45.086197
 0.905000 1.656285 50.384574
 0.910000 1.921439 55.660705
 0.915000 2.212585 60.752044
 0.920000 2.528344 65.474263
 0.925000 2.866376 69.626598
 0.930000 3.223309 72.999456
 0.935000 3.594720 75.383456
 0.940000 3.975162 76.580167
 0.945000 4.358246 76.413297
 0.950000 4.736781 74.740405
 0.955000 5.102972 71.463610
 0.960000 5.448664 66.538922
 0.965000 5.765636 59.983410
 0.970000 6.045911 51.879351
 0.975000 6.282088 42.374467
 0.980000 6.467663 31.678789
 0.985000 6.597326 20.057318
 0.990000 6.667204 7.819635
 0.995000 6.675057 -4.694055
 1.000000 6.620390 -17.128451
