#! FIELDS cmap hh dhh_cmap
#! SET normalisation  99999.000000
#! SET min_cmap 0
#! SET max_cmap 1
#! SET nbins_cmap  200
#! SET periodic_cmap false
 0.000000 1.300497 3.626707
 0.005000 1.312241 1.059493
 0.010000 1.311043 -1.537332
 0.015000 1.296947 -4.086763
 0.020000 1.270379 -6.514199
 0.025000 1.232123 -8.751027
 0.030000 1.183286 -10.737897
 0.035000 1.125241 -12.427262
 0.040000 1.059567 -13.785230
 0.045000 0.987974 -14.792524
 0.050000 0.912234 -15.444470
 0.055000 0.834107 -15.750282
 0.060000 0.755273 -15.731495
 0.065000 0.677280 -15.419894
 0.070000 0.601497 -14.855036
 0.075000 0.529078 -14.081579
 0.080000 0.460950 -13.146627
 0.085000 0.397802 -12.097254
 0.090000 0.340093 -10.978341
 0.095000 0.288066 -9.830817
 0.100000 0.241773 -8.690415
 0.105000 0.201100 -7.586826
 0.110000 0.165804 -6.543386
 0.115000 0.135538 -5.577115
 0.120000 0.109886 -4.699125
 0.125000 0.088390 -3.915239
 0.130000 0.070574 -3.226781
 0.135000 0.055966 -2.631438
 0.140000 0.044113 -2.124148
 0.145000 0.034590 -1.697926
 0.150000 0.027012 -1.344611
 0.155000 0.021037 -1.055494
 0.160000 0.016365 -0.821830
 0.165000 0.012740 -0.635215
 0.170000 0.009947 -0.487859
 0.175000 0.007808 -0.372754
 0.180000 0.006176 -0.283748
 0.185000 0.004684 -0.197035
 0.190000 0.002423 -0.048891
 0.195000 0.002188 -0.042907
 0.200000 0.001975 -0.037277
 0.205000 0.001793 -0.032849
 0.210000 0.001635 -0.029166
 0.215000 0.001494 -0.025924
 0.220000 0.001370 -0.023090
 0.225000 0.001259 -0.020637
 0.230000 0.001160 -0.018360
 0.235000 0.001071 -0.016364
 0.240000 0.000992 -0.014613
 0.245000 0.000922 -0.013035
 0.250000 0.000859 -0.011653
 0.255000 0.000803 -0.010427
 0.260000 0.000753 -0.009388
 0.265000 0.000707 -0.008430
 0.270000 0.000666 -0.007623
 0.275000 0.000629 -0.006940
 0.280000 0.000595 -0.006376
 0.285000 0.000564 -0.005874
 0.290000 0.000535 -0.005491
 0.295000 0.000508 -0.005183
 0.300000 0.000482 -0.004940
 0.305000 0.000458 -0.004760
 0.310000 0.000434 -0.004596
 0.315000 0.000412 -0.004453
 0.320000 0.000389 -0.004341
 0.325000 0.000368 -0.004242
 0.330000 0.000347 -0.004118
 0.335000 0.000326 -0.003991
 0.340000 0.000306 -0.003855
 0.345000 0.000288 -0.003704
 0.350000 0.000269 -0.003533
 0.355000 0.000252 -0.003344
 0.360000 0.000235 -0.003142
 0.365000 0.000220 -0.002932
 0.370000 0.000206 -0.002695
 0.375000 0.000193 -0.002447
 0.380000 0.000182 -0.002177
 0.385000 0.000171 -0.001904
 0.390000 0.000163 -0.001608
 0.395000 0.000156 -0.001301
 0.400000 0.000150 -0.000981
 0.405000 0.000145 -0.000655
 0.410000 0.000143 -0.000339
 0.415000 0.000142 -0.000007
 0.420000 0.000143 0.000317
 0.425000 0.000145 0.000645
 0.430000 0.000149 0.000982
 0.435000 0.000155 0.001312
 0.440000 0.000162 0.001639
 0.445000 0.000172 0.001967
 0.450000 0.000182 0.002301
 0.455000 0.000195 0.002623
 0.460000 0.000209 0.002959
 0.465000 0.000225 0.003273
 0.470000 0.000242 0.003577
 0.475000 0.000261 0.003895
 0.480000 0.000281 0.004209
 0.485000 0.000303 0.004548
 0.490000 0.000327 0.004867
 0.495000 0.000352 0.005194
 0.500000 0.000379 0.005542
 0.505000 0.000408 0.005912
 0.510000 0.000439 0.006321
 0.515000 0.000472 0.006757
 0.520000 0.000507 0.007210
 0.525000 0.000545 0.007746
 0.530000 0.000586 0.008364
 0.535000 0.000629 0.009032
 0.540000 0.000676 0.009808
 0.545000 0.000728 0.010724
 0.550000 0.000785 0.011743
 0.555000 0.000846 0.012928
 0.560000 0.000915 0.014273
 0.565000 0.000990 0.015789
 0.570000 0.001074 0.017486
 0.575000 0.001166 0.019367
 0.580000 0.001269 0.021438
 0.585000 0.001383 0.023741
 0.590000 0.001508 0.026201
 0.595000 0.001647 0.028827
 0.600000 0.001799 0.031604
 0.605000 0.001965 0.034478
 0.610000 0.002146 0.037497
 0.615000 0.002343 0.040560
 0.620000 0.002555 0.043695
 0.625000 0.002783 0.046889
 0.630000 0.003027 0.050110
 0.635000 0.003288 0.053342
 0.640000 0.003565 0.056653
 0.645000 0.003858 0.059981
 0.650000 0.004168 0.063428
 0.655000 0.004496 0.067077
 0.660000 0.004842 0.070897
 0.665000 0.005210 0.075128
 0.670000 0.005599 0.079720
 0.675000 0.006013 0.084811
 0.680000 0.006455 0.090648
 0.685000 0.006927 0.097125
 0.690000 0.007434 0.104423
 0.695000 0.007979 0.112572
 0.700000 0.008567 0.121706
 0.705000 0.009205 0.131939
 0.710000 0.009897 0.143220
 0.715000 0.010651 0.155764
 0.720000 0.011470 0.169430
 0.725000 0.012360 0.184160
 0.730000 0.013331 0.200256
 0.735000 0.014388 0.217717
 0.740000 0.015540 0.236746
 0.745000 0.016794 0.257442
 0.750000 0.018159 0.279920
 0.755000 0.019654 0.305357
 0.760000 0.021294 0.334132
 0.765000 0.023084 0.366213
 0.770000 0.025059 0.403465
 0.775000 0.027241 0.446812
 0.780000 0.029696 0.499916
 0.785000 0.032488 0.566256
 0.790000 0.035642 0.645718
 0.795000 0.039668 0.773081
 0.800000 0.044176 0.915892
 0.805000 0.049491 1.093399
 0.810000 0.056201 1.342550
 0.815000 0.068303 1.949949
 0.820000 0.079137 2.400977
 0.825000 0.092501 2.965293
 0.830000 0.109018 3.666763
 0.835000 0.129442 4.532416
 0.840000 0.154665 5.592159
 0.845000 0.185740 6.878161
 0.850000 0.223880 8.424192
 0.855000 0.270471 10.264161
 0.860000 0.327065 12.430690
 0.865000 0.395370 14.952792
 0.870000 0.477224 17.853390
 0.875000 0.574557 21.146369
 0.880000 0.689343 24.833250
 0.885000 0.823523 28.899905
 0.890000 0.978921 33.313318
 0.895000 1.157143 38.018425
 0.900000 1.359460 42.935961
 0.905000 1.586683 47.961225
 0.910000 1.839035 52.963900
 0.915000 2.116027 57.789561
 0.920000 2.416344 62.263229
 0.925000 2.737754 66.194357
 0.930000 3.077050 69.383983
 0.935000 3.430025 71.633445
 0.940000 3.791501 72.754404
 0.945000 4.155407 72.579669
 0.950000 4.514909 70.974158
 0.955000 4.862603 67.845050
 0.960000 5.190745 63.150919
 0.965000 5.491525 56.908279
 0.970000 5.757371 49.195394
 0.975000 5.981257 40.152959
 0.980000 6.157011 29.980543
 0.985000 6.279593 18.930252
 0.990000 6.345334 7.296249
 0.995000 6.352115 -4.598177
 1.000000 6.299476 -16.415502
