#! FIELDS cmap hh dhh_cmap
#! SET normalisation  99999.000000
#! SET min_cmap 0
#! SET max_cmap 1
#! SET nbins_cmap  200
#! SET periodic_cmap false
 0.000000 1.245129 3.465101
 0.005000 1.256338 1.007755
 0.010000 1.255159 -1.477748
 0.015000 1.241637 -3.917718
 0.020000 1.216178 -6.240794
 0.025000 1.179534 -8.381334
 0.030000 1.132764 -10.282559
 0.035000 1.077183 -11.899000
 0.040000 1.014303 -13.198236
 0.045000 0.945762 -14.161822
 0.050000 0.873253 -14.785321
 0.055000 0.798461 -15.077542
 0.060000 0.722996 -15.059102
 0.065000 0.648338 -14.760424
 0.070000 0.575796 -14.219361
 0.075000 0.506477 -13.478646
 0.080000 0.441267 -12.583373
 0.085000 0.380826 -11.578586
 0.090000 0.325592 -10.507255
 0.095000 0.275798 -9.408565
 0.100000 0.231494 -8.316714
 0.105000 0.192572 -7.260138
 0.110000 0.158797 -6.261183
 0.115000 0.129837 -5.336159
 0.120000 0.105294 -4.495710
 0.125000 0.084729 -3.745413
 0.130000 0.067687 -3.086528
 0.135000 0.053715 -2.516855
 0.140000 0.042378 -2.031532
 0.145000 0.033270 -1.623878
 0.150000 0.026023 -1.286062
 0.155000 0.020307 -1.009734
 0.160000 0.015837 -0.786507
 0.165000 0.012367 -0.608322
 0.170000 0.009691 -0.467698
 0.175000 0.007639 -0.357927
 0.180000 0.006071 -0.273101
 0.185000 0.004629 -0.190058
 0.190000 0.002466 -0.049302
 0.195000 0.002227 -0.043658
 0.200000 0.002009 -0.038287
 0.205000 0.001823 -0.034109
 0.210000 0.001658 -0.030629
 0.215000 0.001509 -0.027396
 0.220000 0.001376 -0.024567
 0.225000 0.001258 -0.022147
 0.230000 0.001150 -0.019802
 0.235000 0.001055 -0.017815
 0.240000 0.000970 -0.015946
 0.245000 0.000893 -0.014161
 0.250000 0.000825 -0.012608
 0.255000 0.000765 -0.011175
 0.260000 0.000711 -0.009803
 0.265000 0.000664 -0.008602
 0.270000 0.000624 -0.007507
 0.275000 0.000588 -0.006498
 0.280000 0.000558 -0.005602
 0.285000 0.000531 -0.004780
 0.290000 0.000509 -0.004064
 0.295000 0.000489 -0.003423
 0.300000 0.000473 -0.002875
 0.305000 0.000460 -0.002447
 0.310000 0.000448 -0.002082
 0.315000 0.000438 -0.001821
 0.320000 0.000430 -0.001630
 0.325000 0.000422 -0.001478
 0.330000 0.000414 -0.001403
 0.335000 0.000407 -0.001401
 0.340000 0.000400 -0.001454
 0.345000 0.000392 -0.001543
 0.350000 0.000384 -0.001681
 0.355000 0.000375 -0.001845
 0.360000 0.000365 -0.002025
 0.365000 0.000355 -0.002198
 0.370000 0.000343 -0.002389
 0.375000 0.000331 -0.002564
 0.380000 0.000318 -0.002687
 0.385000 0.000304 -0.002802
 0.390000 0.000289 -0.002865
 0.395000 0.000275 -0.002889
 0.400000 0.000261 -0.002856
 0.405000 0.000246 -0.002757
 0.410000 0.000233 -0.002596
 0.415000 0.000220 -0.002385
 0.420000 0.000209 -0.002114
 0.425000 0.000200 -0.001780
 0.430000 0.000192 -0.001394
 0.435000 0.000186 -0.000965
 0.440000 0.000182 -0.000486
 0.445000 0.000181 -0.000002
 0.450000 0.000182 0.000503
 0.455000 0.000186 0.001017
 0.460000 0.000192 0.001515
 0.465000 0.000201 0.002005
 0.470000 0.000213 0.002481
 0.475000 0.000226 0.002936
 0.480000 0.000242 0.003349
 0.485000 0.000260 0.003730
 0.490000 0.000280 0.004083
 0.495000 0.000301 0.004408
 0.500000 0.000324 0.004696
 0.505000 0.000348 0.004972
 0.510000 0.000374 0.005229
 0.515000 0.000401 0.005505
 0.520000 0.000429 0.005796
 0.525000 0.000460 0.006139
 0.530000 0.000491 0.006515
 0.535000 0.000526 0.007009
 0.540000 0.000563 0.007563
 0.545000 0.000603 0.008218
 0.550000 0.000646 0.008969
 0.555000 0.000693 0.009844
 0.560000 0.000745 0.010863
 0.565000 0.000803 0.012050
 0.570000 0.000867 0.013402
 0.575000 0.000938 0.014890
 0.580000 0.001018 0.016579
 0.585000 0.001106 0.018454
 0.590000 0.001204 0.020522
 0.595000 0.001314 0.022794
 0.600000 0.001435 0.025264
 0.605000 0.001569 0.027981
 0.610000 0.001717 0.030931
 0.615000 0.001880 0.034070
 0.620000 0.002061 0.037498
 0.625000 0.002259 0.041208
 0.630000 0.002476 0.045185
 0.635000 0.002714 0.049445
 0.640000 0.002974 0.054019
 0.645000 0.003258 0.058891
 0.650000 0.003567 0.064108
 0.655000 0.003903 0.069671
 0.660000 0.004268 0.075534
 0.665000 0.004663 0.081735
 0.670000 0.005090 0.088254
 0.675000 0.005551 0.095092
 0.680000 0.006047 0.102343
 0.685000 0.006582 0.109975
 0.690000 0.007155 0.117927
 0.695000 0.007768 0.126248
 0.700000 0.008424 0.134920
 0.705000 0.009126 0.144027
 0.710000 0.009874 0.153578
 0.715000 0.010672 0.163656
 0.720000 0.011524 0.174390
 0.725000 0.012432 0.185833
 0.730000 0.013404 0.198358
 0.735000 0.014440 0.211772
 0.740000 0.015551 0.226632
 0.745000 0.016743 0.243172
 0.750000 0.018026 0.261756
 0.755000 0.019418 0.283331
 0.760000 0.020938 0.308780
 0.765000 0.022593 0.338066
 0.770000 0.024428 0.373623
 0.775000 0.026462 0.415976
 0.780000 0.028760 0.468624
 0.785000 0.031389 0.534731
 0.790000 0.034383 0.614748
 0.795000 0.038274 0.744612
 0.800000 0.042652 0.890193
 0.805000 0.047842 1.070422
 0.810000 0.054430 1.321705
 0.815000 0.066505 1.937357
 0.820000 0.077289 2.393667
 0.825000 0.090631 2.963890
 0.830000 0.107158 3.672058
 0.835000 0.127626 4.545337
 0.840000 0.152936 5.613828
 0.845000 0.184143 6.910016
 0.850000 0.222472 8.468002
 0.855000 0.269317 10.322194
 0.860000 0.326242 12.505602
 0.865000 0.394971 15.047749
 0.870000 0.477357 17.972036
 0.875000 0.575352 21.292744
 0.880000 0.690949 25.011790
 0.885000 0.826111 29.115194
 0.890000 0.982686 33.569896
 0.895000 1.162303 38.320592
 0.900000 1.366253 43.287612
 0.905000 1.595364 48.365309
 0.910000 1.849871 53.422251
 0.915000 2.129292 58.302608
 0.920000 2.432309 62.829623
 0.925000 2.756678 66.810780
 0.930000 3.099170 70.044972
 0.935000 3.455545 72.331221
 0.940000 3.820582 73.478956
 0.945000 4.188152 73.318952
 0.950000 4.551359 71.714212
 0.955000 4.902724 68.570583
 0.960000 5.234423 63.845669
 0.965000 5.538565 57.555627
 0.970000 5.807495 49.779125
 0.975000 6.034108 40.657734
 0.980000 6.212160 30.392753
 0.985000 6.336548 19.238636
 0.990000 6.403554 7.492282
 0.995000 6.411023 -4.519789
 1.000000 6.358478 -16.456568
