#! FIELDS cmap hh dhh_cmap
#! SET normalisation  99999.000000
#! SET min_cmap 0
#! SET max_cmap 1
#! SET nbins_cmap  200
#! SET periodic_cmap false
 0.000000 2.260003 6.225478
 0.005000 2.280023 1.763391
 0.010000 2.277555 -2.747917
 0.015000 2.252686 -7.174713
 0.020000 2.206165 -11.387508
 0.025000 2.139367 -15.267343
 0.030000 2.054220 -18.711386
 0.035000 1.953118 -21.637419
 0.040000 1.838808 -23.986958
 0.045000 1.714266 -25.726872
 0.050000 1.582569 -26.849473
 0.055000 1.446774 -27.371112
 0.060000 1.309798 -27.329518
 0.065000 1.174326 -26.780154
 0.070000 1.042728 -25.791937
 0.075000 0.917009 -24.442538
 0.080000 0.798769 -22.813874
 0.085000 0.689199 -20.987699
 0.090000 0.589090 -19.041920
 0.095000 0.498860 -17.047553
 0.100000 0.418592 -15.066520
 0.105000 0.348086 -13.150263
 0.110000 0.286914 -11.339160
 0.115000 0.234470 -9.662633
 0.120000 0.190031 -8.139829
 0.125000 0.152798 -6.780715
 0.130000 0.121947 -5.587460
 0.135000 0.096654 -4.555945
 0.140000 0.076132 -3.677270
 0.145000 0.059647 -2.939252
 0.150000 0.046529 -2.327654
 0.155000 0.036185 -1.827318
 0.160000 0.028096 -1.423011
 0.165000 0.021819 -1.100157
 0.170000 0.016982 -0.845219
 0.175000 0.013274 -0.646038
 0.180000 0.010446 -0.491956
 0.185000 0.007839 -0.340196
 0.190000 0.003942 -0.085094
 0.195000 0.003534 -0.074606
 0.200000 0.003164 -0.064599
 0.205000 0.002852 -0.056711
 0.210000 0.002581 -0.050139
 0.215000 0.002340 -0.044146
 0.220000 0.002129 -0.038943
 0.225000 0.001943 -0.034330
 0.230000 0.001776 -0.030099
 0.235000 0.001632 -0.026509
 0.240000 0.001506 -0.023351
 0.245000 0.001394 -0.020426
 0.250000 0.001296 -0.017873
 0.255000 0.001211 -0.015561
 0.260000 0.001137 -0.013506
 0.265000 0.001073 -0.011639
 0.270000 0.001018 -0.009995
 0.275000 0.000971 -0.008469
 0.280000 0.000930 -0.007083
 0.285000 0.000897 -0.005907
 0.290000 0.000870 -0.004872
 0.295000 0.000847 -0.003989
 0.300000 0.000828 -0.003234
 0.305000 0.000813 -0.002643
 0.310000 0.000800 -0.002183
 0.315000 0.000790 -0.001884
 0.320000 0.000781 -0.001707
 0.325000 0.000772 -0.001664
 0.330000 0.000763 -0.001705
 0.335000 0.000754 -0.001858
 0.340000 0.000744 -0.002086
 0.345000 0.000732 -0.002391
 0.350000 0.000719 -0.002760
 0.355000 0.000705 -0.003147
 0.360000 0.000688 -0.003559
 0.365000 0.000669 -0.003959
 0.370000 0.000648 -0.004343
 0.375000 0.000626 -0.004682
 0.380000 0.000601 -0.004985
 0.385000 0.000575 -0.005248
 0.390000 0.000549 -0.005451
 0.395000 0.000521 -0.005600
 0.400000 0.000493 -0.005689
 0.405000 0.000464 -0.005710
 0.410000 0.000436 -0.005656
 0.415000 0.000408 -0.005535
 0.420000 0.000381 -0.005358
 0.425000 0.000355 -0.005097
 0.430000 0.000330 -0.004781
 0.435000 0.000307 -0.004402
 0.440000 0.000286 -0.003940
 0.445000 0.000267 -0.003448
 0.450000 0.000251 -0.002894
 0.455000 0.000239 -0.002263
 0.460000 0.000229 -0.001590
 0.465000 0.000223 -0.000857
 0.470000 0.000220 -0.000083
 0.475000 0.000222 0.000746
 0.480000 0.000228 0.001627
 0.485000 0.000239 0.002529
 0.490000 0.000254 0.003472
 0.495000 0.000274 0.004426
 0.500000 0.000299 0.005404
 0.505000 0.000329 0.006425
 0.510000 0.000363 0.007427
 0.515000 0.000404 0.008465
 0.520000 0.000449 0.009476
 0.525000 0.000500 0.010540
 0.530000 0.000556 0.011568
 0.535000 0.000616 0.012582
 0.540000 0.000682 0.013628
 0.545000 0.000753 0.014678
 0.550000 0.000830 0.015754
 0.555000 0.000911 0.016893
 0.560000 0.000999 0.018096
 0.565000 0.001093 0.019396
 0.570000 0.001194 0.020837
 0.575000 0.001303 0.022406
 0.580000 0.001419 0.024169
 0.585000 0.001545 0.026128
 0.590000 0.001682 0.028344
 0.595000 0.001831 0.030834
 0.600000 0.001992 0.033555
 0.605000 0.002169 0.036570
 0.610000 0.002360 0.039845
 0.615000 0.002569 0.043351
 0.620000 0.002796 0.047030
 0.625000 0.003041 0.050883
 0.630000 0.003307 0.054854
 0.635000 0.003593 0.058873
 0.640000 0.003899 0.062896
 0.645000 0.004225 0.066811
 0.650000 0.004570 0.070574
 0.655000 0.004934 0.074181
 0.660000 0.005315 0.077572
 0.665000 0.005713 0.080730
 0.670000 0.006127 0.083687
 0.675000 0.006554 0.086401
 0.680000 0.006994 0.088984
 0.685000 0.007448 0.091552
 0.690000 0.007915 0.094230
 0.695000 0.008398 0.097241
 0.700000 0.008896 0.100608
 0.705000 0.009411 0.104487
 0.710000 0.009948 0.109156
 0.715000 0.010513 0.114860
 0.720000 0.011110 0.121736
 0.725000 0.011745 0.129905
 0.730000 0.012428 0.139820
 0.735000 0.013164 0.151344
 0.740000 0.013967 0.165008
 0.745000 0.014847 0.180941
 0.750000 0.015813 0.199191
 0.755000 0.016888 0.220825
 0.760000 0.018085 0.245925
 0.765000 0.019421 0.274953
 0.770000 0.020926 0.309090
 0.775000 0.022619 0.348850
 0.780000 0.024562 0.397443
 0.785000 0.026802 0.456916
 0.790000 0.029373 0.528057
 0.795000 0.032703 0.639606
 0.800000 0.036460 0.764122
 0.805000 0.040907 0.916883
 0.810000 0.046553 1.130129
 0.815000 0.056806 1.648426
 0.820000 0.065971 2.032152
 0.825000 0.077286 2.511504
 0.830000 0.091279 3.106980
 0.835000 0.108588 3.841736
 0.840000 0.129971 4.741468
 0.845000 0.156323 5.833891
 0.850000 0.188679 7.148046
 0.855000 0.228222 8.713284
 0.860000 0.276277 10.557713
 0.865000 0.334306 12.706510
 0.870000 0.403882 15.179584
 0.875000 0.486662 17.989073
 0.880000 0.584336 21.136661
 0.885000 0.698571 24.610418
 0.890000 0.830936 28.382338
 0.895000 0.982812 32.405417
 0.900000 1.155296 36.612000
 0.905000 1.349089 40.912555
 0.910000 1.564392 45.195524
 0.915000 1.800795 49.328819
 0.920000 2.057181 53.162599
 0.925000 2.331649 56.533719
 0.930000 2.621461 59.271791
 0.935000 2.923026 61.206685
 0.940000 3.231919 62.177083
 0.945000 3.542948 62.039790
 0.950000 3.850274 60.679037
 0.955000 4.147563 58.015362
 0.960000 4.428192 54.013118
 0.965000 4.685481 48.686245
 0.970000 4.912953 42.101695
 0.975000 5.104597 34.379544
 0.980000 5.255132 25.690534
 0.985000 5.360245 16.250054
 0.990000 5.416795 6.309666
 0.995000 5.422965 -3.854212
 1.000000 5.378357 -13.953019
