#! FIELDS cmap hh dhh_cmap
#! SET normalisation  99999.000000
#! SET min_cmap 0
#! SET max_cmap 1
#! SET nbins_cmap  200
#! SET periodic_cmap false
 0.000000 1.073869 2.969830
 0.005000 1.083440 0.849035
 0.010000 1.082320 -1.295569
 0.015000 1.070551 -3.400369
 0.020000 1.048486 -5.403773
 0.025000 1.016777 -7.249165
 0.030000 0.976340 -8.887575
 0.035000 0.928312 -10.279844
 0.040000 0.873999 -11.398075
 0.045000 0.814815 -12.226439
 0.050000 0.752224 -12.761201
 0.055000 0.687680 -13.010071
 0.060000 0.622571 -12.990946
 0.065000 0.558174 -12.730172
 0.070000 0.495617 -12.260503
 0.075000 0.435855 -11.618892
 0.080000 0.379650 -10.844300
 0.085000 0.327569 -9.975646
 0.090000 0.279988 -9.050022
 0.095000 0.237107 -8.101250
 0.100000 0.198965 -7.158827
 0.105000 0.165467 -6.247264
 0.110000 0.136409 -5.385807
 0.115000 0.111502 -4.588480
 0.120000 0.090401 -3.864413
 0.125000 0.072728 -3.218360
 0.130000 0.058086 -2.651355
 0.135000 0.046086 -2.161422
 0.140000 0.036350 -1.744333
 0.145000 0.028530 -1.394255
 0.150000 0.022307 -1.104391
 0.155000 0.017398 -0.867498
 0.160000 0.013556 -0.676298
 0.165000 0.010571 -0.523827
 0.170000 0.008264 -0.403614
 0.175000 0.006491 -0.309846
 0.180000 0.005130 -0.237430
 0.185000 0.003876 -0.166375
 0.190000 0.001994 -0.045211
 0.195000 0.001774 -0.040682
 0.200000 0.001573 -0.036348
 0.205000 0.001394 -0.032672
 0.210000 0.001236 -0.029580
 0.215000 0.001092 -0.026606
 0.220000 0.000965 -0.023981
 0.225000 0.000850 -0.021467
 0.230000 0.000747 -0.019093
 0.235000 0.000656 -0.016915
 0.240000 0.000575 -0.014851
 0.245000 0.000505 -0.012934
 0.250000 0.000444 -0.011180
 0.255000 0.000391 -0.009498
 0.260000 0.000346 -0.007993
 0.265000 0.000309 -0.006645
 0.270000 0.000279 -0.005452
 0.275000 0.000254 -0.004409
 0.280000 0.000234 -0.003475
 0.285000 0.000218 -0.002677
 0.290000 0.000206 -0.002013
 0.295000 0.000197 -0.001491
 0.300000 0.000190 -0.001095
 0.305000 0.000185 -0.000780
 0.310000 0.000182 -0.000612
 0.315000 0.000178 -0.000497
 0.320000 0.000176 -0.000470
 0.325000 0.000173 -0.000496
 0.330000 0.000171 -0.000560
 0.335000 0.000167 -0.000633
 0.340000 0.000164 -0.000718
 0.345000 0.000160 -0.000811
 0.350000 0.000156 -0.000893
 0.355000 0.000151 -0.000938
 0.360000 0.000146 -0.000950
 0.365000 0.000141 -0.000921
 0.370000 0.000137 -0.000844
 0.375000 0.000133 -0.000728
 0.380000 0.000129 -0.000566
 0.385000 0.000127 -0.000375
 0.390000 0.000126 -0.000134
 0.395000 0.000126 0.000145
 0.400000 0.000128 0.000439
 0.405000 0.000131 0.000781
 0.410000 0.000136 0.001117
 0.415000 0.000143 0.001474
 0.420000 0.000152 0.001862
 0.425000 0.000162 0.002249
 0.430000 0.000175 0.002658
 0.435000 0.000189 0.003099
 0.440000 0.000206 0.003560
 0.445000 0.000225 0.004071
 0.450000 0.000247 0.004640
 0.455000 0.000272 0.005311
 0.460000 0.000301 0.006069
 0.465000 0.000333 0.006954
 0.470000 0.000371 0.007997
 0.475000 0.000414 0.009178
 0.480000 0.000463 0.010542
 0.485000 0.000520 0.012074
 0.490000 0.000584 0.013803
 0.495000 0.000659 0.015703
 0.500000 0.000742 0.017749
 0.505000 0.000837 0.019916
 0.510000 0.000942 0.022184
 0.515000 0.001060 0.024527
 0.520000 0.001188 0.026830
 0.525000 0.001329 0.029106
 0.530000 0.001481 0.031257
 0.535000 0.001642 0.033215
 0.540000 0.001813 0.034943
 0.545000 0.001993 0.036419
 0.550000 0.002178 0.037545
 0.555000 0.002369 0.038349
 0.560000 0.002563 0.038828
 0.565000 0.002758 0.038987
 0.570000 0.002954 0.038866
 0.575000 0.003148 0.038492
 0.580000 0.003341 0.038024
 0.585000 0.003530 0.037475
 0.590000 0.003717 0.036975
 0.595000 0.003902 0.036667
 0.600000 0.004087 0.036671
 0.605000 0.004272 0.037052
 0.610000 0.004460 0.037951
 0.615000 0.004655 0.039442
 0.620000 0.004858 0.041612
 0.625000 0.005075 0.044563
 0.630000 0.005308 0.048254
 0.635000 0.005562 0.052682
 0.640000 0.005840 0.057876
 0.645000 0.006145 0.063733
 0.650000 0.006481 0.070211
 0.655000 0.006852 0.077189
 0.660000 0.007258 0.084637
 0.665000 0.007703 0.092378
 0.670000 0.008188 0.100408
 0.675000 0.008713 0.108600
 0.680000 0.009279 0.116777
 0.685000 0.009888 0.125086
 0.690000 0.010538 0.133328
 0.695000 0.011228 0.141467
 0.700000 0.011960 0.149593
 0.705000 0.012733 0.157784
 0.710000 0.013546 0.165956
 0.715000 0.014403 0.174350
 0.720000 0.015302 0.183021
 0.725000 0.016248 0.192252
 0.730000 0.017244 0.202282
 0.735000 0.018296 0.213446
 0.740000 0.019412 0.226164
 0.745000 0.020595 0.240473
 0.750000 0.021860 0.257158
 0.755000 0.023226 0.277265
 0.760000 0.024714 0.301625
 0.765000 0.026336 0.330533
 0.770000 0.028130 0.365938
 0.775000 0.030131 0.408950
 0.780000 0.032401 0.462921
 0.785000 0.035008 0.530978
 0.790000 0.038004 0.614415
 0.795000 0.041912 0.748389
 0.800000 0.046327 0.898926
 0.805000 0.051565 1.083890
 0.810000 0.058263 1.343319
 0.815000 0.070584 1.975688
 0.820000 0.081591 2.444882
 0.825000 0.095227 3.030822
 0.830000 0.112135 3.758140
 0.835000 0.133090 4.654691
 0.840000 0.159014 5.751298
 0.845000 0.190991 7.081346
 0.850000 0.230275 8.679754
 0.855000 0.278294 10.581812
 0.860000 0.336655 12.821333
 0.865000 0.407120 15.428517
 0.870000 0.491592 18.427307
 0.875000 0.592070 21.832259
 0.880000 0.710594 25.645191
 0.885000 0.849177 29.851594
 0.890000 1.009709 34.417482
 0.895000 1.193856 39.286008
 0.900000 1.402937 44.375266
 0.905000 1.637796 49.576964
 0.910000 1.898669 54.756299
 0.915000 2.185055 59.753495
 0.920000 2.495598 64.387466
 0.925000 2.827994 68.460999
 0.930000 3.178928 71.768149
 0.935000 3.544052 74.103247
 0.940000 3.918012 75.271295
 0.945000 4.294527 75.099223
 0.950000 4.666531 73.446991
 0.955000 5.026364 70.218492
 0.960000 5.366011 65.370678
 0.965000 5.677393 58.920392
 0.970000 5.952672 50.948403
 0.975000 6.184576 41.599996
 0.980000 6.366716 31.081565
 0.985000 6.493871 19.653681
 0.990000 6.562238 7.620579
 0.995000 6.569620 -4.683421
 1.000000 6.515530 -16.909160
