#! FIELDS cmap hh dhh_cmap
#! SET normalisation  99999.000000
#! SET min_cmap 0
#! SET max_cmap 1
#! SET nbins_cmap  200
#! SET periodic_cmap false
 0.000000 1.634207 4.524089
 0.005000 1.648797 1.297581
 0.010000 1.647123 -1.965180
 0.015000 1.629246 -5.167434
 0.020000 1.595706 -8.215472
 0.025000 1.547493 -11.023208
 0.030000 1.486000 -13.516174
 0.035000 1.412956 -15.634808
 0.040000 1.330347 -17.336691
 0.045000 1.240325 -18.597771
 0.050000 1.145115 -19.412368
 0.055000 1.046927 -19.792208
 0.060000 0.947873 -19.764481
 0.065000 0.849895 -19.369260
 0.070000 0.754710 -18.656315
 0.075000 0.663768 -17.681804
 0.080000 0.578229 -16.504930
 0.085000 0.498957 -15.184826
 0.090000 0.426526 -13.777846
 0.095000 0.361238 -12.335376
 0.100000 0.303156 -10.902232
 0.105000 0.252137 -9.515659
 0.110000 0.207872 -8.204911
 0.115000 0.169926 -6.991320
 0.120000 0.137774 -5.888792
 0.125000 0.110840 -4.904597
 0.130000 0.088528 -4.040359
 0.135000 0.070242 -3.293168
 0.140000 0.055412 -2.656635
 0.145000 0.043505 -2.122011
 0.150000 0.034039 -1.679032
 0.155000 0.026581 -1.316766
 0.160000 0.020755 -1.024227
 0.165000 0.016240 -0.790864
 0.170000 0.012764 -0.606891
 0.175000 0.010103 -0.463486
 0.180000 0.008075 -0.352923
 0.185000 0.006209 -0.244833
 0.190000 0.003383 -0.060518
 0.195000 0.003090 -0.054342
 0.200000 0.002818 -0.048503
 0.205000 0.002579 -0.044112
 0.210000 0.002364 -0.040555
 0.215000 0.002166 -0.037368
 0.220000 0.001983 -0.034509
 0.225000 0.001815 -0.031951
 0.230000 0.001659 -0.029510
 0.235000 0.001515 -0.027278
 0.240000 0.001382 -0.025050
 0.245000 0.001261 -0.022906
 0.250000 0.001150 -0.020841
 0.255000 0.001050 -0.018809
 0.260000 0.000959 -0.016780
 0.265000 0.000879 -0.014881
 0.270000 0.000808 -0.012989
 0.275000 0.000747 -0.011240
 0.280000 0.000694 -0.009624
 0.285000 0.000649 -0.008096
 0.290000 0.000612 -0.006748
 0.295000 0.000580 -0.005516
 0.300000 0.000555 -0.004496
 0.305000 0.000535 -0.003636
 0.310000 0.000518 -0.002920
 0.315000 0.000505 -0.002384
 0.320000 0.000494 -0.001992
 0.325000 0.000484 -0.001745
 0.330000 0.000476 -0.001625
 0.335000 0.000467 -0.001589
 0.340000 0.000459 -0.001670
 0.345000 0.000450 -0.001846
 0.350000 0.000440 -0.002082
 0.355000 0.000429 -0.002345
 0.360000 0.000416 -0.002626
 0.365000 0.000402 -0.002892
 0.370000 0.000387 -0.003145
 0.375000 0.000370 -0.003388
 0.380000 0.000353 -0.003596
 0.385000 0.000334 -0.003747
 0.390000 0.000315 -0.003852
 0.395000 0.000295 -0.003896
 0.400000 0.000276 -0.003879
 0.405000 0.000257 -0.003788
 0.410000 0.000238 -0.003648
 0.415000 0.000220 -0.003442
 0.420000 0.000204 -0.003187
 0.425000 0.000188 -0.002871
 0.430000 0.000175 -0.002528
 0.435000 0.000163 -0.002158
 0.440000 0.000154 -0.001748
 0.445000 0.000146 -0.001325
 0.450000 0.000141 -0.000890
 0.455000 0.000137 -0.000456
 0.460000 0.000136 -0.000022
 0.465000 0.000137 0.000408
 0.470000 0.000140 0.000832
 0.475000 0.000145 0.001256
 0.480000 0.000153 0.001675
 0.485000 0.000162 0.002093
 0.490000 0.000174 0.002530
 0.495000 0.000188 0.002980
 0.500000 0.000205 0.003448
 0.505000 0.000223 0.003916
 0.510000 0.000244 0.004397
 0.515000 0.000267 0.004934
 0.520000 0.000294 0.005481
 0.525000 0.000323 0.006075
 0.530000 0.000355 0.006718
 0.535000 0.000391 0.007396
 0.540000 0.000430 0.008130
 0.545000 0.000473 0.008914
 0.550000 0.000520 0.009768
 0.555000 0.000571 0.010702
 0.560000 0.000628 0.011736
 0.565000 0.000689 0.012820
 0.570000 0.000757 0.014032
 0.575000 0.000831 0.015389
 0.580000 0.000913 0.016954
 0.585000 0.001003 0.018645
 0.590000 0.001102 0.020548
 0.595000 0.001211 0.022657
 0.600000 0.001330 0.024971
 0.605000 0.001462 0.027536
 0.610000 0.001608 0.030334
 0.615000 0.001768 0.033425
 0.620000 0.001945 0.036805
 0.625000 0.002138 0.040385
 0.630000 0.002352 0.044312
 0.635000 0.002586 0.048556
 0.640000 0.002842 0.053038
 0.645000 0.003121 0.057787
 0.650000 0.003424 0.062832
 0.655000 0.003754 0.068138
 0.660000 0.004110 0.073725
 0.665000 0.004496 0.079622
 0.670000 0.004912 0.085857
 0.675000 0.005359 0.092364
 0.680000 0.005842 0.099320
 0.685000 0.006358 0.106557
 0.690000 0.006912 0.114200
 0.695000 0.007505 0.122280
 0.700000 0.008141 0.130895
 0.705000 0.008823 0.140098
 0.710000 0.009552 0.149828
 0.715000 0.010332 0.160213
 0.720000 0.011166 0.171246
 0.725000 0.012058 0.183057
 0.730000 0.013013 0.195758
 0.735000 0.014037 0.209432
 0.740000 0.015134 0.224347
 0.745000 0.016316 0.240870
 0.750000 0.017586 0.258985
 0.755000 0.018963 0.279847
 0.760000 0.020460 0.303783
 0.765000 0.022079 0.330629
 0.770000 0.023864 0.362852
 0.775000 0.025829 0.400843
 0.780000 0.028038 0.448250
 0.785000 0.030539 0.507241
 0.790000 0.033376 0.579335
 0.795000 0.037027 0.697065
 0.800000 0.041112 0.828925
 0.805000 0.045940 0.993263
 0.810000 0.052078 1.225945
 0.815000 0.063322 1.799130
 0.820000 0.073338 2.223586
 0.825000 0.085737 2.755819
 0.830000 0.101114 3.418686
 0.835000 0.120185 4.238014
 0.840000 0.143802 5.242369
 0.845000 0.172968 6.462530
 0.850000 0.208841 7.930703
 0.855000 0.252742 9.679345
 0.860000 0.306153 11.739485
 0.865000 0.370701 14.138817
 0.870000 0.448142 16.899109
 0.875000 0.540316 20.033592
 0.880000 0.649104 23.543686
 0.885000 0.776357 27.415790
 0.890000 0.923813 31.618345
 0.895000 1.093004 36.098849
 0.900000 1.285139 40.781746
 0.905000 1.500993 45.567243
 0.910000 1.740776 50.331227
 0.915000 2.004024 54.926749
 0.920000 2.289485 59.187199
 0.925000 2.595034 62.931329
 0.930000 2.917621 65.969777
 0.935000 3.253240 68.113723
 0.940000 3.596966 69.184117
 0.945000 3.943022 69.022043
 0.950000 4.284913 67.498986
 0.955000 4.615592 64.526991
 0.960000 4.927696 60.066732
 0.965000 5.213800 54.134030
 0.970000 5.466701 46.803506
 0.975000 5.679723 38.208905
 0.980000 5.846995 28.540240
 0.985000 5.963728 18.037125
 0.990000 6.026437 6.979144
 0.995000 6.033103 -4.326115
 1.000000 5.983292 -15.557902
