#! FIELDS cmap hh dhh_cmap
#! SET normalisation  99999.000000
#! SET min_cmap 0
#! SET max_cmap 1
#! SET nbins_cmap  200
#! SET periodic_cmap false
 0.000000 3.095496 8.569450
 0.005000 3.123122 2.454059
 0.010000 3.119922 -3.730500
 0.015000 3.086008 -9.800778
 0.020000 3.022401 -15.579114
 0.025000 2.930977 -20.902161
 0.030000 2.814376 -25.628642
 0.035000 2.675876 -29.645449
 0.040000 2.519241 -32.872058
 0.045000 2.348551 -35.262673
 0.050000 2.168027 -36.806408
 0.055000 1.981863 -37.525376
 0.060000 1.794064 -37.471081
 0.065000 1.608315 -36.719431
 0.070000 1.427875 -35.364819
 0.075000 1.255495 -33.513789
 0.080000 1.093377 -31.278720
 0.085000 0.943160 -28.771873
 0.090000 0.805933 -26.100258
 0.095000 0.682269 -23.361521
 0.100000 0.572287 -20.640812
 0.105000 0.475712 -18.008928
 0.110000 0.391956 -15.521482
 0.115000 0.320188 -13.219022
 0.120000 0.259413 -11.128002
 0.125000 0.208532 -9.262220
 0.130000 0.166410 -7.624728
 0.135000 0.131914 -6.209928
 0.140000 0.103959 -5.005628
 0.145000 0.081534 -3.995045
 0.150000 0.063719 -3.158582
 0.155000 0.049693 -2.475335
 0.160000 0.038745 -1.924310
 0.165000 0.030263 -1.485343
 0.170000 0.023736 -1.139743
 0.175000 0.018739 -0.870691
 0.180000 0.014926 -0.663440
 0.185000 0.011423 -0.461085
 0.190000 0.006070 -0.112276
 0.195000 0.005524 -0.101366
 0.200000 0.005014 -0.090720
 0.205000 0.004568 -0.082528
 0.210000 0.004168 -0.075569
 0.215000 0.003799 -0.069023
 0.220000 0.003463 -0.063012
 0.225000 0.003157 -0.057553
 0.230000 0.002876 -0.052406
 0.235000 0.002623 -0.047753
 0.240000 0.002392 -0.043396
 0.245000 0.002182 -0.039349
 0.250000 0.001992 -0.035614
 0.255000 0.001820 -0.032173
 0.260000 0.001667 -0.029136
 0.265000 0.001527 -0.026283
 0.270000 0.001401 -0.023743
 0.275000 0.001287 -0.021422
 0.280000 0.001183 -0.019341
 0.285000 0.001090 -0.017504
 0.290000 0.001006 -0.015864
 0.295000 0.000930 -0.014417
 0.300000 0.000861 -0.013143
 0.305000 0.000797 -0.011949
 0.310000 0.000739 -0.010868
 0.315000 0.000686 -0.009909
 0.320000 0.000639 -0.009074
 0.325000 0.000595 -0.008278
 0.330000 0.000555 -0.007515
 0.335000 0.000518 -0.006851
 0.340000 0.000485 -0.006202
 0.345000 0.000455 -0.005627
 0.350000 0.000428 -0.005099
 0.355000 0.000403 -0.004556
 0.360000 0.000382 -0.004098
 0.365000 0.000362 -0.003633
 0.370000 0.000345 -0.003200
 0.375000 0.000330 -0.002796
 0.380000 0.000316 -0.002393
 0.385000 0.000305 -0.002023
 0.390000 0.000296 -0.001646
 0.395000 0.000289 -0.001263
 0.400000 0.000283 -0.000859
 0.405000 0.000280 -0.000463
 0.410000 0.000278 -0.000054
 0.415000 0.000279 0.000350
 0.420000 0.000282 0.000794
 0.425000 0.000287 0.001230
 0.430000 0.000295 0.001675
 0.435000 0.000304 0.002140
 0.440000 0.000316 0.002615
 0.445000 0.000330 0.003062
 0.450000 0.000346 0.003504
 0.455000 0.000365 0.003950
 0.460000 0.000386 0.004371
 0.465000 0.000408 0.004771
 0.470000 0.000433 0.005165
 0.475000 0.000461 0.005550
 0.480000 0.000489 0.005920
 0.485000 0.000520 0.006249
 0.490000 0.000552 0.006553
 0.495000 0.000585 0.006862
 0.500000 0.000620 0.007145
 0.505000 0.000657 0.007423
 0.510000 0.000695 0.007685
 0.515000 0.000734 0.007944
 0.520000 0.000775 0.008198
 0.525000 0.000817 0.008442
 0.530000 0.000860 0.008692
 0.535000 0.000904 0.008957
 0.540000 0.000950 0.009242
 0.545000 0.000998 0.009546
 0.550000 0.001046 0.009874
 0.555000 0.001097 0.010204
 0.560000 0.001149 0.010596
 0.565000 0.001203 0.011041
 0.570000 0.001260 0.011569
 0.575000 0.001320 0.012183
 0.580000 0.001383 0.012915
 0.585000 0.001450 0.013778
 0.590000 0.001522 0.014809
 0.595000 0.001600 0.016013
 0.600000 0.001684 0.017426
 0.605000 0.001777 0.019080
 0.610000 0.001877 0.020910
 0.615000 0.001987 0.022970
 0.620000 0.002109 0.025281
 0.625000 0.002242 0.027819
 0.630000 0.002389 0.030551
 0.635000 0.002550 0.033553
 0.640000 0.002727 0.036742
 0.645000 0.002920 0.040089
 0.650000 0.003131 0.043672
 0.655000 0.003360 0.047370
 0.660000 0.003608 0.051274
 0.665000 0.003876 0.055297
 0.670000 0.004164 0.059466
 0.675000 0.004473 0.063728
 0.680000 0.004805 0.068179
 0.685000 0.005159 0.072837
 0.690000 0.005536 0.077665
 0.695000 0.005940 0.082763
 0.700000 0.006369 0.088148
 0.705000 0.006827 0.093879
 0.710000 0.007315 0.100005
 0.715000 0.007835 0.106573
 0.720000 0.008390 0.113623
 0.725000 0.008982 0.121243
 0.730000 0.009614 0.129557
 0.735000 0.010292 0.138660
 0.740000 0.011021 0.148740
 0.745000 0.011807 0.160163
 0.750000 0.012653 0.172722
 0.755000 0.013577 0.187573
 0.760000 0.014582 0.204570
 0.765000 0.015681 0.224157
 0.770000 0.016898 0.247736
 0.775000 0.018248 0.275791
 0.780000 0.019781 0.311109
 0.785000 0.021531 0.355320
 0.790000 0.023533 0.409445
 0.795000 0.026149 0.498133
 0.800000 0.029099 0.598087
 0.805000 0.032606 0.722410
 0.810000 0.037114 0.899118
 0.815000 0.045530 1.336757
 0.820000 0.052990 1.659775
 0.825000 0.062264 2.064949
 0.830000 0.073805 2.569710
 0.835000 0.088160 3.193826
 0.840000 0.105978 3.959144
 0.845000 0.128025 4.889248
 0.850000 0.155186 6.008891
 0.855000 0.188472 7.343028
 0.860000 0.229014 8.915655
 0.865000 0.278061 10.748185
 0.870000 0.336957 12.857637
 0.875000 0.407116 15.254421
 0.880000 0.489983 17.940030
 0.885000 0.586981 20.904487
 0.890000 0.699453 24.123980
 0.895000 0.828580 27.558703
 0.900000 0.975303 31.151147
 0.905000 1.140227 34.825091
 0.910000 1.323531 38.485610
 0.915000 1.524873 42.020150
 0.920000 1.743310 45.300985
 0.925000 1.977228 48.189019
 0.930000 2.224302 50.538844
 0.935000 2.481476 52.205167
 0.940000 2.744983 53.050119
 0.945000 3.010401 52.951187
 0.950000 3.272753 51.809164
 0.955000 3.526637 49.555753
 0.960000 3.766403 46.159963
 0.965000 3.986347 41.633191
 0.970000 4.180938 36.031913
 0.975000 4.345040 29.458017
 0.980000 4.474135 22.056761
 0.985000 4.564531 14.011612
 0.990000 4.613532 5.536865
 0.995000 4.619573 -3.131746
 1.000000 4.582299 -11.747917
