#! FIELDS cmap hh dhh_cmap
#! SET normalisation  99999.000000
#! SET min_cmap 0
#! SET max_cmap 1
#! SET nbins_cmap  200
#! SET periodic_cmap false
 0.000000 2.277886 6.313689
 0.005000 2.298259 1.815758
 0.010000 2.295959 -2.733071
 0.015000 2.271069 -7.197910
 0.020000 2.224339 -11.448092
 0.025000 2.157147 -15.363556
 0.030000 2.071435 -18.840411
 0.035000 1.969614 -21.795547
 0.040000 1.854450 -24.169741
 0.045000 1.728942 -25.929347
 0.050000 1.596195 -27.066388
 0.055000 1.459290 -27.597137
 0.060000 1.321173 -27.559443
 0.065000 1.184551 -27.009158
 0.070000 1.051821 -26.015635
 0.075000 0.925004 -24.657198
 0.080000 0.805719 -23.016413
 0.085000 0.695173 -21.175754
 0.090000 0.594164 -19.213846
 0.095000 0.503116 -17.202387
 0.100000 0.422118 -15.203898
 0.105000 0.350969 -13.270360
 0.110000 0.289237 -11.442571
 0.115000 0.236316 -9.750297
 0.120000 0.191476 -8.212916
 0.125000 0.153912 -6.840544
 0.130000 0.122791 -5.635419
 0.135000 0.097285 -4.593429
 0.140000 0.076600 -3.705645
 0.145000 0.059992 -2.959781
 0.150000 0.046789 -2.341511
 0.155000 0.036390 -1.835560
 0.160000 0.028272 -1.426607
 0.165000 0.021987 -1.099939
 0.170000 0.017158 -0.841932
 0.175000 0.013474 -0.640340
 0.180000 0.010679 -0.484429
 0.185000 0.008123 -0.332068
 0.190000 0.004238 -0.073617
 0.195000 0.003886 -0.063161
 0.200000 0.003571 -0.053377
 0.205000 0.003312 -0.046046
 0.210000 0.003093 -0.040357
 0.215000 0.002896 -0.035309
 0.220000 0.002725 -0.031312
 0.225000 0.002575 -0.028253
 0.230000 0.002437 -0.025633
 0.235000 0.002310 -0.023622
 0.240000 0.002194 -0.022111
 0.245000 0.002084 -0.020903
 0.250000 0.001980 -0.020056
 0.255000 0.001880 -0.019411
 0.260000 0.001783 -0.018883
 0.265000 0.001688 -0.018405
 0.270000 0.001596 -0.017989
 0.275000 0.001506 -0.017573
 0.280000 0.001418 -0.017112
 0.285000 0.001333 -0.016625
 0.290000 0.001250 -0.016060
 0.295000 0.001171 -0.015482
 0.300000 0.001095 -0.014805
 0.305000 0.001022 -0.014076
 0.310000 0.000953 -0.013340
 0.315000 0.000887 -0.012533
 0.320000 0.000827 -0.011765
 0.325000 0.000770 -0.010971
 0.330000 0.000716 -0.010175
 0.335000 0.000667 -0.009393
 0.340000 0.000622 -0.008656
 0.345000 0.000580 -0.007943
 0.350000 0.000542 -0.007271
 0.355000 0.000507 -0.006627
 0.360000 0.000475 -0.006035
 0.365000 0.000447 -0.005476
 0.370000 0.000420 -0.004945
 0.375000 0.000397 -0.004451
 0.380000 0.000376 -0.003988
 0.385000 0.000357 -0.003538
 0.390000 0.000340 -0.003149
 0.395000 0.000325 -0.002775
 0.400000 0.000312 -0.002449
 0.405000 0.000301 -0.002133
 0.410000 0.000291 -0.001821
 0.415000 0.000283 -0.001540
 0.420000 0.000276 -0.001237
 0.425000 0.000271 -0.000891
 0.430000 0.000268 -0.000562
 0.435000 0.000266 -0.000212
 0.440000 0.000266 0.000168
 0.445000 0.000267 0.000603
 0.450000 0.000272 0.001145
 0.455000 0.000279 0.001778
 0.460000 0.000290 0.002531
 0.465000 0.000305 0.003438
 0.470000 0.000324 0.004491
 0.475000 0.000350 0.005741
 0.480000 0.000382 0.007172
 0.485000 0.000422 0.008786
 0.490000 0.000471 0.010606
 0.495000 0.000529 0.012606
 0.500000 0.000598 0.014825
 0.505000 0.000678 0.017167
 0.510000 0.000771 0.019662
 0.515000 0.000875 0.022219
 0.520000 0.000994 0.024823
 0.525000 0.001124 0.027358
 0.530000 0.001268 0.029830
 0.535000 0.001423 0.032122
 0.540000 0.001590 0.034192
 0.545000 0.001766 0.035983
 0.550000 0.001950 0.037454
 0.555000 0.002141 0.038569
 0.560000 0.002336 0.039271
 0.565000 0.002534 0.039577
 0.570000 0.002732 0.039502
 0.575000 0.002929 0.039077
 0.580000 0.003124 0.038445
 0.585000 0.003315 0.037631
 0.590000 0.003502 0.036744
 0.595000 0.003685 0.035930
 0.600000 0.003864 0.035236
 0.605000 0.004040 0.034880
 0.610000 0.004216 0.034933
 0.615000 0.004393 0.035466
 0.620000 0.004574 0.036567
 0.625000 0.004762 0.038341
 0.630000 0.004960 0.040720
 0.635000 0.005172 0.043812
 0.640000 0.005402 0.047574
 0.645000 0.005651 0.051905
 0.650000 0.005924 0.056773
 0.655000 0.006223 0.062154
 0.660000 0.006550 0.067893
 0.665000 0.006906 0.073931
 0.670000 0.007293 0.080142
 0.675000 0.007712 0.086547
 0.680000 0.008164 0.093051
 0.685000 0.008649 0.099631
 0.690000 0.009166 0.106181
 0.695000 0.009716 0.112806
 0.700000 0.010300 0.119464
 0.705000 0.010917 0.126253
 0.710000 0.011570 0.133228
 0.715000 0.012259 0.140396
 0.720000 0.012985 0.147976
 0.725000 0.013752 0.156034
 0.730000 0.014564 0.164922
 0.735000 0.015423 0.174589
 0.740000 0.016335 0.185344
 0.745000 0.017307 0.197515
 0.750000 0.018343 0.211177
 0.755000 0.019466 0.227667
 0.760000 0.020690 0.247683
 0.765000 0.022018 0.270816
 0.770000 0.023489 0.299304
 0.775000 0.025125 0.334010
 0.780000 0.026979 0.377547
 0.785000 0.029111 0.433026
 0.790000 0.031555 0.501038
 0.795000 0.034730 0.609562
 0.800000 0.038324 0.732202
 0.805000 0.042613 0.884971
 0.810000 0.048081 1.097869
 0.815000 0.058177 1.617994
 0.820000 0.067197 2.004417
 0.825000 0.078382 2.487226
 0.830000 0.092263 3.086595
 0.835000 0.109480 3.825359
 0.840000 0.130791 4.728831
 0.845000 0.157087 5.824299
 0.850000 0.189401 7.140358
 0.855000 0.228907 8.705905
 0.860000 0.276922 10.548601
 0.865000 0.334895 12.693218
 0.870000 0.404389 15.159197
 0.875000 0.487042 17.958472
 0.880000 0.584530 21.092404
 0.885000 0.698503 24.549111
 0.890000 0.830512 28.300480
 0.895000 0.981921 32.299919
 0.900000 1.153812 36.480070
 0.905000 1.346875 40.751995
 0.910000 1.561300 45.004959
 0.915000 1.796674 49.107811
 0.920000 2.051879 52.911777
 0.925000 2.325022 56.254894
 0.930000 2.613377 58.968100
 0.935000 2.913370 60.882554
 0.940000 3.220603 61.838146
 0.945000 3.529914 61.692842
 0.950000 3.835500 60.331640
 0.955000 4.131067 57.675700
 0.960000 4.410034 53.689743
 0.965000 4.665765 48.387637
 0.970000 4.891822 41.835946
 0.975000 5.082233 34.153982
 0.980000 5.231754 25.511298
 0.985000 5.336097 16.122003
 0.990000 5.392141 6.236040
 0.995000 5.398083 -3.872011
 1.000000 5.353526 -13.915202
