#! FIELDS cmap hh dhh_cmap
#! SET normalisation  99999.000000
#! SET min_cmap 0
#! SET max_cmap 1
#! SET nbins_cmap  200
#! SET periodic_cmap false
 0.000000 0.799395 2.216440
 0.005000 0.806550 0.638332
 0.010000 0.805749 -0.957601
 0.015000 0.797023 -2.524054
 0.020000 0.780634 -4.015181
 0.025000 0.757067 -5.388853
 0.030000 0.727003 -6.608629
 0.035000 0.691286 -7.645343
 0.040000 0.650889 -8.478235
 0.045000 0.606864 -9.095505
 0.050000 0.560299 -9.494352
 0.055000 0.512275 -9.680494
 0.060000 0.463827 -9.667215
 0.065000 0.415903 -9.474115
 0.070000 0.369345 -9.125538
 0.075000 0.324861 -8.648964
 0.080000 0.283020 -8.073360
 0.085000 0.244245 -7.427684
 0.090000 0.208814 -6.739520
 0.095000 0.176878 -6.034027
 0.100000 0.148466 -5.333147
 0.105000 0.123508 -4.655117
 0.110000 0.101853 -4.014248
 0.115000 0.083286 -3.420991
 0.120000 0.067552 -2.882137
 0.125000 0.054368 -2.401229
 0.130000 0.043442 -1.979042
 0.135000 0.034482 -1.614122
 0.140000 0.027210 -1.303321
 0.145000 0.021366 -1.042315
 0.150000 0.016713 -0.826058
 0.155000 0.013040 -0.649172
 0.160000 0.010164 -0.506260
 0.165000 0.007929 -0.392144
 0.170000 0.006203 -0.302028
 0.175000 0.004876 -0.231600
 0.180000 0.003860 -0.177083
 0.185000 0.002925 -0.123462
 0.190000 0.001530 -0.033064
 0.195000 0.001372 -0.029245
 0.200000 0.001225 -0.025329
 0.205000 0.001102 -0.022342
 0.210000 0.000996 -0.019837
 0.215000 0.000900 -0.017499
 0.220000 0.000816 -0.015463
 0.225000 0.000743 -0.013693
 0.230000 0.000677 -0.012071
 0.235000 0.000619 -0.010662
 0.240000 0.000568 -0.009444
 0.245000 0.000522 -0.008404
 0.250000 0.000482 -0.007542
 0.255000 0.000446 -0.006797
 0.260000 0.000413 -0.006203
 0.265000 0.000382 -0.005653
 0.270000 0.000355 -0.005243
 0.275000 0.000329 -0.004912
 0.280000 0.000305 -0.004617
 0.285000 0.000282 -0.004373
 0.290000 0.000260 -0.004171
 0.295000 0.000240 -0.004000
 0.300000 0.000220 -0.003835
 0.305000 0.000201 -0.003674
 0.310000 0.000183 -0.003492
 0.315000 0.000166 -0.003314
 0.320000 0.000150 -0.003129
 0.325000 0.000135 -0.002917
 0.330000 0.000120 -0.002664
 0.335000 0.000107 -0.002425
 0.340000 0.000096 -0.002179
 0.345000 0.000085 -0.001900
 0.350000 0.000076 -0.001616
 0.355000 0.000069 -0.001321
 0.360000 0.000063 -0.001027
 0.365000 0.000059 -0.000725
 0.370000 0.000056 -0.000421
 0.375000 0.000054 -0.000111
 0.380000 0.000055 0.000194
 0.385000 0.000057 0.000495
 0.390000 0.000060 0.000782
 0.395000 0.000064 0.001065
 0.400000 0.000070 0.001335
 0.405000 0.000078 0.001584
 0.410000 0.000086 0.001808
 0.415000 0.000096 0.002017
 0.420000 0.000106 0.002197
 0.425000 0.000118 0.002365
 0.430000 0.000130 0.002502
 0.435000 0.000143 0.002611
 0.440000 0.000157 0.002728
 0.445000 0.000170 0.002816
 0.450000 0.000185 0.002891
 0.455000 0.000199 0.002971
 0.460000 0.000214 0.003046
 0.465000 0.000230 0.003132
 0.470000 0.000246 0.003253
 0.475000 0.000263 0.003414
 0.480000 0.000281 0.003617
 0.485000 0.000300 0.003873
 0.490000 0.000320 0.004206
 0.495000 0.000343 0.004643
 0.500000 0.000368 0.005157
 0.505000 0.000396 0.005749
 0.510000 0.000427 0.006464
 0.515000 0.000462 0.007320
 0.520000 0.000502 0.008283
 0.525000 0.000547 0.009416
 0.530000 0.000598 0.010716
 0.535000 0.000656 0.012205
 0.540000 0.000723 0.013924
 0.545000 0.000798 0.015850
 0.550000 0.000883 0.018006
 0.555000 0.000980 0.020458
 0.560000 0.001090 0.023211
 0.565000 0.001214 0.026343
 0.570000 0.001356 0.029854
 0.575000 0.001515 0.033790
 0.580000 0.001696 0.038192
 0.585000 0.001900 0.043082
 0.590000 0.002131 0.048484
 0.595000 0.002389 0.054380
 0.600000 0.002677 0.060739
 0.605000 0.003000 0.067605
 0.610000 0.003356 0.074833
 0.615000 0.003750 0.082447
 0.620000 0.004184 0.090362
 0.625000 0.004657 0.098469
 0.630000 0.005172 0.106681
 0.635000 0.005728 0.114844
 0.640000 0.006324 0.122842
 0.645000 0.006960 0.130631
 0.650000 0.007635 0.138032
 0.655000 0.008344 0.144832
 0.660000 0.009086 0.151014
 0.665000 0.009858 0.156585
 0.670000 0.010656 0.161409
 0.675000 0.011476 0.165517
 0.680000 0.012315 0.168942
 0.685000 0.013170 0.171762
 0.690000 0.014038 0.174028
 0.695000 0.014916 0.175931
 0.700000 0.015805 0.177761
 0.705000 0.016702 0.179492
 0.710000 0.017610 0.181610
 0.715000 0.018530 0.184168
 0.720000 0.019466 0.187532
 0.725000 0.020424 0.192021
 0.730000 0.021408 0.197873
 0.735000 0.022430 0.205547
 0.740000 0.023499 0.215478
 0.745000 0.024627 0.227915
 0.750000 0.025825 0.243185
 0.755000 0.027126 0.262913
 0.760000 0.028544 0.287266
 0.765000 0.030095 0.316558
 0.770000 0.031824 0.352908
 0.775000 0.033764 0.397338
 0.780000 0.035984 0.453343
 0.785000 0.038559 0.524419
 0.790000 0.041534 0.611210
 0.795000 0.045451 0.750280
 0.800000 0.049909 0.907523
 0.805000 0.055244 1.102287
 0.810000 0.062089 1.373831
 0.815000 0.074771 2.032178
 0.820000 0.086111 2.522553
 0.825000 0.100199 3.135011
 0.830000 0.117707 3.895186
 0.835000 0.139445 4.832057
 0.840000 0.166375 5.977654
 0.845000 0.199626 7.366558
 0.850000 0.240506 9.034958
 0.855000 0.290502 11.019342
 0.860000 0.351283 13.354686
 0.865000 0.424684 16.072102
 0.870000 0.512681 19.196189
 0.875000 0.617348 22.741865
 0.880000 0.740803 26.710775
 0.885000 0.885134 31.087624
 0.890000 1.052299 35.836873
 0.895000 1.244024 40.899319
 0.900000 1.461671 46.189765
 0.905000 1.706112 51.595574
 0.910000 1.977584 56.976552
 0.915000 2.275558 62.166777
 0.920000 2.598619 66.978098
 0.925000 2.944365 71.205630
 0.930000 3.309344 74.635507
 0.935000 3.689031 77.054096
 0.940000 4.077858 78.258924
 0.945000 4.469293 78.070225
 0.950000 4.855990 76.342707
 0.955000 5.229982 72.976700
 0.960000 5.582944 67.927542
 0.965000 5.906475 61.213002
 0.970000 6.192431 52.917370
 0.975000 6.433259 43.191718
 0.980000 6.622317 32.250903
 0.985000 6.754188 20.365922
 0.990000 6.824924 7.853081
 0.995000 6.832246 -4.939894
 1.000000 6.775658 -17.650034
