#! FIELDS cmap hh dhh_cmap
#! SET normalisation  99999.000000
#! SET min_cmap 0
#! SET max_cmap 1
#! SET nbins_cmap  200
#! SET periodic_cmap false
 0.000000 1.821505 5.064524
 0.005000 1.837878 1.468809
 0.010000 1.836125 -2.167991
 0.015000 1.816310 -5.738084
 0.020000 1.779030 -9.136983
 0.025000 1.725386 -12.268654
 0.030000 1.656929 -15.050016
 0.035000 1.575582 -17.414537
 0.040000 1.483559 -19.314802
 0.045000 1.383254 -20.723859
 0.050000 1.277151 -21.635194
 0.055000 1.167712 -22.061768
 0.060000 1.057292 -22.033764
 0.065000 0.948058 -21.595724
 0.070000 0.841926 -20.803064
 0.075000 0.740514 -19.718337
 0.080000 0.645119 -18.407541
 0.085000 0.556706 -16.936609
 0.090000 0.475915 -15.368404
 0.095000 0.403088 -13.760271
 0.100000 0.338295 -12.162243
 0.105000 0.281379 -10.615919
 0.110000 0.231995 -9.153975
 0.115000 0.189658 -7.800253
 0.120000 0.153786 -6.570342
 0.125000 0.123735 -5.472371
 0.130000 0.098839 -4.508184
 0.135000 0.078435 -3.674536
 0.140000 0.061888 -2.964327
 0.145000 0.048602 -2.367762
 0.150000 0.038040 -1.873399
 0.155000 0.029718 -1.469029
 0.160000 0.023220 -1.142391
 0.165000 0.018185 -0.881709
 0.170000 0.014311 -0.676066
 0.175000 0.011349 -0.515641
 0.180000 0.009094 -0.391814
 0.185000 0.007025 -0.270841
 0.190000 0.003889 -0.065006
 0.195000 0.003576 -0.057555
 0.200000 0.003287 -0.050499
 0.205000 0.003038 -0.045239
 0.210000 0.002820 -0.041153
 0.215000 0.002618 -0.037513
 0.220000 0.002434 -0.034456
 0.225000 0.002265 -0.031861
 0.230000 0.002108 -0.029593
 0.235000 0.001963 -0.027689
 0.240000 0.001827 -0.025980
 0.245000 0.001699 -0.024420
 0.250000 0.001580 -0.023047
 0.255000 0.001466 -0.021711
 0.260000 0.001359 -0.020470
 0.265000 0.001259 -0.019360
 0.270000 0.001164 -0.018261
 0.275000 0.001074 -0.017220
 0.280000 0.000990 -0.016230
 0.285000 0.000910 -0.015309
 0.290000 0.000835 -0.014390
 0.295000 0.000765 -0.013551
 0.300000 0.000699 -0.012759
 0.305000 0.000637 -0.011983
 0.310000 0.000578 -0.011229
 0.315000 0.000523 -0.010512
 0.320000 0.000472 -0.009853
 0.325000 0.000425 -0.009193
 0.330000 0.000380 -0.008510
 0.335000 0.000339 -0.007869
 0.340000 0.000300 -0.007199
 0.345000 0.000266 -0.006573
 0.350000 0.000235 -0.005933
 0.355000 0.000206 -0.005292
 0.360000 0.000182 -0.004646
 0.365000 0.000160 -0.004010
 0.370000 0.000141 -0.003380
 0.375000 0.000125 -0.002749
 0.380000 0.000113 -0.002164
 0.385000 0.000104 -0.001593
 0.390000 0.000097 -0.001035
 0.395000 0.000093 -0.000527
 0.400000 0.000091 -0.000047
 0.405000 0.000092 0.000395
 0.410000 0.000095 0.000767
 0.415000 0.000099 0.001123
 0.420000 0.000106 0.001397
 0.425000 0.000113 0.001628
 0.430000 0.000122 0.001805
 0.435000 0.000131 0.001933
 0.440000 0.000141 0.002019
 0.445000 0.000151 0.002057
 0.450000 0.000161 0.002051
 0.455000 0.000172 0.002018
 0.460000 0.000182 0.001953
 0.465000 0.000191 0.001882
 0.470000 0.000201 0.001801
 0.475000 0.000210 0.001728
 0.480000 0.000218 0.001690
 0.485000 0.000226 0.001647
 0.490000 0.000235 0.001648
 0.495000 0.000243 0.001697
 0.500000 0.000253 0.001825
 0.505000 0.000263 0.002005
 0.510000 0.000274 0.002298
 0.515000 0.000287 0.002652
 0.520000 0.000301 0.003113
 0.525000 0.000318 0.003667
 0.530000 0.000339 0.004344
 0.535000 0.000363 0.005165
 0.540000 0.000392 0.006144
 0.545000 0.000426 0.007251
 0.550000 0.000466 0.008570
 0.555000 0.000513 0.010085
 0.560000 0.000569 0.011832
 0.565000 0.000633 0.013778
 0.570000 0.000708 0.016007
 0.575000 0.000795 0.018479
 0.580000 0.000894 0.021234
 0.585000 0.001008 0.024258
 0.590000 0.001138 0.027573
 0.595000 0.001285 0.031155
 0.600000 0.001451 0.035030
 0.605000 0.001638 0.039132
 0.610000 0.001844 0.043418
 0.615000 0.002073 0.047869
 0.620000 0.002325 0.052449
 0.625000 0.002599 0.057061
 0.630000 0.002898 0.061698
 0.635000 0.003220 0.066323
 0.640000 0.003564 0.070804
 0.645000 0.003931 0.075130
 0.650000 0.004319 0.079188
 0.655000 0.004725 0.082946
 0.660000 0.005151 0.086449
 0.665000 0.005592 0.089532
 0.670000 0.006049 0.092384
 0.675000 0.006519 0.094925
 0.680000 0.007003 0.097284
 0.685000 0.007497 0.099491
 0.690000 0.008001 0.101548
 0.695000 0.008517 0.103733
 0.700000 0.009045 0.106181
 0.705000 0.009587 0.108970
 0.710000 0.010144 0.112378
 0.715000 0.010721 0.116537
 0.720000 0.011322 0.121611
 0.725000 0.011952 0.127966
 0.730000 0.012621 0.135780
 0.735000 0.013333 0.145256
 0.740000 0.014101 0.156809
 0.745000 0.014936 0.170667
 0.750000 0.015846 0.186992
 0.755000 0.016857 0.206899
 0.760000 0.017993 0.231325
 0.765000 0.019252 0.259412
 0.770000 0.020684 0.293648
 0.775000 0.022306 0.334272
 0.780000 0.024182 0.384501
 0.785000 0.026367 0.446720
 0.790000 0.028906 0.522268
 0.795000 0.032259 0.641977
 0.800000 0.036078 0.776674
 0.805000 0.040634 0.941845
 0.810000 0.046485 1.172645
 0.815000 0.057335 1.734682
 0.820000 0.067010 2.151186
 0.825000 0.079019 2.671446
 0.830000 0.093934 3.317505
 0.835000 0.112445 4.114259
 0.840000 0.135373 5.089335
 0.845000 0.163685 6.272556
 0.850000 0.198497 7.695171
 0.855000 0.241087 9.388716
 0.860000 0.292886 11.383462
 0.865000 0.355468 13.706483
 0.870000 0.430533 16.379190
 0.875000 0.519864 19.414771
 0.880000 0.625288 22.814927
 0.885000 0.748600 26.567048
 0.890000 0.891494 30.640892
 0.895000 1.055462 34.986031
 0.900000 1.241686 39.529629
 0.905000 1.450928 44.175212
 0.910000 1.683407 48.802579
 0.915000 1.938686 53.269418
 0.920000 2.215563 57.414039
 0.925000 2.511994 61.060446
 0.930000 2.825029 64.024646
 0.935000 3.150795 66.122975
 0.940000 3.484522 67.181011
 0.945000 3.820610 67.043880
 0.950000 4.152756 65.586182
 0.955000 4.474123 62.721654
 0.960000 4.777559 58.411289
 0.965000 5.055846 52.669696
 0.970000 5.301984 45.568474
 0.975000 5.509475 37.236878
 0.980000 5.672605 27.858861
 0.985000 5.786703 17.666775
 0.990000 5.848364 6.931950
 0.995000 5.855611 -4.047058
 1.000000 5.808001 -14.958513
