#! FIELDS cmap hh dhh_cmap
#! SET normalisation  99999.000000
#! SET min_cmap 0
#! SET max_cmap 1
#! SET nbins_cmap  200
#! SET periodic_cmap false
 0.000000 1.458876 4.020198
 0.005000 1.471804 1.138357
 0.010000 1.470206 -1.775431
 0.015000 1.454140 -4.634733
 0.020000 1.424090 -7.355888
 0.025000 1.380941 -9.862010
 0.030000 1.325940 -12.086646
 0.035000 1.260633 -13.976627
 0.040000 1.186795 -15.494151
 0.045000 1.106349 -16.617790
 0.050000 1.021283 -17.342549
 0.055000 0.933572 -17.678990
 0.060000 0.845101 -17.651484
 0.065000 0.757604 -17.295883
 0.070000 0.672615 -16.656703
 0.075000 0.591426 -15.784163
 0.080000 0.515074 -14.731196
 0.085000 0.444327 -13.550639
 0.090000 0.379696 -12.292850
 0.095000 0.321451 -11.003727
 0.100000 0.269644 -9.723296
 0.105000 0.224147 -8.484796
 0.110000 0.184682 -7.314317
 0.115000 0.150859 -6.230849
 0.120000 0.122208 -5.246782
 0.125000 0.098215 -4.368534
 0.130000 0.078344 -3.597498
 0.135000 0.062065 -2.931001
 0.140000 0.048869 -2.363294
 0.145000 0.038281 -1.886486
 0.150000 0.029868 -1.491380
 0.155000 0.023247 -1.168178
 0.160000 0.018083 -0.907056
 0.165000 0.014089 -0.698586
 0.170000 0.011024 -0.534039
 0.175000 0.008688 -0.405571
 0.180000 0.006919 -0.306307
 0.185000 0.005297 -0.209013
 0.190000 0.002827 -0.044118
 0.195000 0.002616 -0.037912
 0.200000 0.002426 -0.032082
 0.205000 0.002270 -0.027839
 0.210000 0.002137 -0.024491
 0.215000 0.002019 -0.021677
 0.220000 0.001914 -0.019432
 0.225000 0.001820 -0.017630
 0.230000 0.001733 -0.016208
 0.235000 0.001653 -0.015185
 0.240000 0.001578 -0.014446
 0.245000 0.001506 -0.013917
 0.250000 0.001435 -0.013580
 0.255000 0.001366 -0.013420
 0.260000 0.001299 -0.013390
 0.265000 0.001231 -0.013370
 0.270000 0.001164 -0.013369
 0.275000 0.001096 -0.013355
 0.280000 0.001029 -0.013287
 0.285000 0.000962 -0.013170
 0.290000 0.000896 -0.012938
 0.295000 0.000832 -0.012658
 0.300000 0.000769 -0.012245
 0.305000 0.000709 -0.011728
 0.310000 0.000652 -0.011096
 0.315000 0.000598 -0.010365
 0.320000 0.000548 -0.009528
 0.325000 0.000502 -0.008605
 0.330000 0.000461 -0.007628
 0.335000 0.000426 -0.006588
 0.340000 0.000395 -0.005511
 0.345000 0.000370 -0.004437
 0.350000 0.000351 -0.003366
 0.355000 0.000336 -0.002310
 0.360000 0.000327 -0.001301
 0.365000 0.000323 -0.000368
 0.370000 0.000323 0.000489
 0.375000 0.000328 0.001239
 0.380000 0.000335 0.001893
 0.385000 0.000346 0.002413
 0.390000 0.000359 0.002803
 0.395000 0.000374 0.003059
 0.400000 0.000389 0.003186
 0.405000 0.000405 0.003193
 0.410000 0.000421 0.003071
 0.415000 0.000436 0.002846
 0.420000 0.000449 0.002514
 0.425000 0.000460 0.002105
 0.430000 0.000470 0.001642
 0.435000 0.000477 0.001150
 0.440000 0.000482 0.000616
 0.445000 0.000483 0.000088
 0.450000 0.000482 -0.000424
 0.455000 0.000479 -0.000892
 0.460000 0.000474 -0.001303
 0.465000 0.000466 -0.001650
 0.470000 0.000457 -0.001896
 0.475000 0.000447 -0.002041
 0.480000 0.000437 -0.002038
 0.485000 0.000427 -0.001916
 0.490000 0.000419 -0.001652
 0.495000 0.000412 -0.001246
 0.500000 0.000407 -0.000693
 0.505000 0.000405 0.000009
 0.510000 0.000407 0.000851
 0.515000 0.000414 0.001838
 0.520000 0.000427 0.002950
 0.525000 0.000445 0.004187
 0.530000 0.000469 0.005534
 0.535000 0.000501 0.006988
 0.540000 0.000541 0.008529
 0.545000 0.000588 0.010131
 0.550000 0.000643 0.011756
 0.555000 0.000706 0.013409
 0.560000 0.000777 0.015071
 0.565000 0.000857 0.016758
 0.570000 0.000946 0.018495
 0.575000 0.001044 0.020226
 0.580000 0.001150 0.021975
 0.585000 0.001265 0.023759
 0.590000 0.001389 0.025582
 0.595000 0.001522 0.027509
 0.600000 0.001666 0.029529
 0.605000 0.001819 0.031624
 0.610000 0.001984 0.033940
 0.615000 0.002160 0.036375
 0.620000 0.002350 0.039027
 0.625000 0.002552 0.041844
 0.630000 0.002771 0.044972
 0.635000 0.003005 0.048296
 0.640000 0.003257 0.051822
 0.645000 0.003526 0.055585
 0.650000 0.003816 0.059563
 0.655000 0.004125 0.063684
 0.660000 0.004456 0.068047
 0.665000 0.004810 0.072543
 0.670000 0.005186 0.077184
 0.675000 0.005586 0.081982
 0.680000 0.006011 0.086911
 0.685000 0.006461 0.092000
 0.690000 0.006937 0.097315
 0.695000 0.007441 0.102833
 0.700000 0.007973 0.108637
 0.705000 0.008536 0.114834
 0.710000 0.009131 0.121462
 0.715000 0.009762 0.128716
 0.720000 0.010430 0.136599
 0.725000 0.011143 0.145539
 0.730000 0.011904 0.155545
 0.735000 0.012722 0.167019
 0.740000 0.013604 0.180173
 0.745000 0.014560 0.195461
 0.750000 0.015601 0.213137
 0.755000 0.016749 0.234384
 0.760000 0.018015 0.259276
 0.765000 0.019422 0.288705
 0.770000 0.021003 0.324260
 0.775000 0.022786 0.366694
 0.780000 0.024839 0.419689
 0.785000 0.027219 0.485659
 0.790000 0.029974 0.565918
 0.795000 0.033576 0.692026
 0.800000 0.037681 0.834764
 0.805000 0.042574 1.010167
 0.810000 0.048830 1.254302
 0.815000 0.060399 1.850484
 0.820000 0.070713 2.291303
 0.825000 0.083494 2.841587
 0.830000 0.099349 3.524547
 0.835000 0.119005 4.366539
 0.840000 0.143328 5.396773
 0.845000 0.173339 6.646902
 0.850000 0.210218 8.150126
 0.855000 0.255317 9.940020
 0.860000 0.310150 12.048891
 0.865000 0.376386 14.505720
 0.870000 0.455825 17.333589
 0.875000 0.550364 20.546791
 0.880000 0.661939 24.147617
 0.885000 0.792465 28.123003
 0.890000 0.943741 32.441293
 0.895000 1.117361 37.049301
 0.900000 1.314589 41.870027
 0.905000 1.536245 46.801312
 0.910000 1.782573 51.715770
 0.915000 2.053123 56.462286
 0.920000 2.346631 60.869304
 0.925000 2.660938 64.749811
 0.930000 2.992925 67.908353
 0.935000 3.338490 70.149533
 0.940000 3.692578 71.287774
 0.945000 4.049251 71.158191
 0.950000 4.401820 69.627168
 0.955000 4.743029 66.602564
 0.960000 5.065282 62.042515
 0.965000 5.360914 55.961980
 0.970000 5.622488 48.436518
 0.975000 5.843094 39.603138
 0.980000 6.016659 29.656629
 0.985000 6.138211 18.843598
 0.990000 6.204126 7.451980
 0.995000 6.212291 -4.201198
 1.000000 6.162226 -15.785046
