#! FIELDS cmap hh dhh_cmap
#! SET normalisation  99999.000000
#! SET min_cmap 0
#! SET max_cmap 1
#! SET nbins_cmap  200
#! SET periodic_cmap false
 0.000000 2.597695 7.182952
 0.005000 2.620841 2.052664
 0.010000 2.618126 -3.135185
 0.015000 2.589650 -8.226745
 0.020000 2.536268 -13.072997
 0.025000 2.459558 -17.536999
 0.030000 2.361735 -21.500310
 0.035000 2.245549 -24.868225
 0.040000 2.114159 -27.573274
 0.045000 1.970986 -29.577177
 0.050000 1.819572 -30.870922
 0.055000 1.663431 -31.473172
 0.060000 1.505922 -31.427218
 0.065000 1.350134 -30.796814
 0.070000 1.198796 -29.661176
 0.075000 1.054215 -28.109701
 0.080000 0.918235 -26.236613
 0.085000 0.792228 -24.136036
 0.090000 0.677104 -21.897665
 0.095000 0.573344 -19.603282
 0.100000 0.481045 -17.324198
 0.105000 0.399978 -15.119649
 0.110000 0.329647 -13.036166
 0.115000 0.269357 -11.107636
 0.120000 0.218275 -9.356095
 0.125000 0.175482 -7.793012
 0.130000 0.140026 -6.420883
 0.135000 0.110963 -5.234945
 0.140000 0.087384 -4.224931
 0.145000 0.068443 -3.376778
 0.150000 0.053373 -2.674063
 0.155000 0.041490 -2.099315
 0.160000 0.032196 -1.634995
 0.165000 0.024984 -1.264279
 0.170000 0.019424 -0.971582
 0.175000 0.015162 -0.742898
 0.180000 0.011909 -0.565979
 0.185000 0.008916 -0.392195
 0.190000 0.004422 -0.098053
 0.195000 0.003950 -0.085942
 0.200000 0.003524 -0.074300
 0.205000 0.003165 -0.065055
 0.210000 0.002854 -0.057157
 0.215000 0.002581 -0.049915
 0.220000 0.002342 -0.043472
 0.225000 0.002135 -0.037715
 0.230000 0.001956 -0.032529
 0.235000 0.001802 -0.027966
 0.240000 0.001670 -0.023834
 0.245000 0.001557 -0.020133
 0.250000 0.001462 -0.016856
 0.255000 0.001384 -0.014062
 0.260000 0.001319 -0.011604
 0.265000 0.001265 -0.009505
 0.270000 0.001220 -0.007723
 0.275000 0.001185 -0.006292
 0.280000 0.001155 -0.005138
 0.285000 0.001131 -0.004266
 0.290000 0.001110 -0.003654
 0.295000 0.001091 -0.003235
 0.300000 0.001075 -0.003087
 0.305000 0.001058 -0.003109
 0.310000 0.001042 -0.003281
 0.315000 0.001024 -0.003589
 0.320000 0.001005 -0.004000
 0.325000 0.000984 -0.004429
 0.330000 0.000960 -0.004898
 0.335000 0.000934 -0.005367
 0.340000 0.000906 -0.005820
 0.345000 0.000876 -0.006252
 0.350000 0.000844 -0.006590
 0.355000 0.000810 -0.006882
 0.360000 0.000775 -0.007118
 0.365000 0.000738 -0.007254
 0.370000 0.000702 -0.007300
 0.375000 0.000665 -0.007277
 0.380000 0.000629 -0.007165
 0.385000 0.000594 -0.006966
 0.390000 0.000559 -0.006666
 0.395000 0.000526 -0.006262
 0.400000 0.000496 -0.005816
 0.405000 0.000468 -0.005292
 0.410000 0.000443 -0.004696
 0.415000 0.000422 -0.004030
 0.420000 0.000403 -0.003307
 0.425000 0.000389 -0.002537
 0.430000 0.000378 -0.001715
 0.435000 0.000372 -0.000889
 0.440000 0.000369 -0.000061
 0.445000 0.000371 0.000765
 0.450000 0.000377 0.001556
 0.455000 0.000387 0.002321
 0.460000 0.000401 0.003049
 0.465000 0.000418 0.003693
 0.470000 0.000438 0.004293
 0.475000 0.000460 0.004808
 0.480000 0.000486 0.005234
 0.485000 0.000513 0.005587
 0.490000 0.000541 0.005892
 0.495000 0.000572 0.006144
 0.500000 0.000603 0.006363
 0.505000 0.000636 0.006577
 0.510000 0.000669 0.006789
 0.515000 0.000704 0.007058
 0.520000 0.000741 0.007397
 0.525000 0.000779 0.007799
 0.530000 0.000820 0.008351
 0.535000 0.000864 0.009037
 0.540000 0.000911 0.009875
 0.545000 0.000963 0.010851
 0.550000 0.001020 0.011979
 0.555000 0.001084 0.013261
 0.560000 0.001154 0.014728
 0.565000 0.001232 0.016350
 0.570000 0.001319 0.018132
 0.575000 0.001415 0.020056
 0.580000 0.001521 0.022138
 0.585000 0.001638 0.024308
 0.590000 0.001766 0.026601
 0.595000 0.001905 0.029007
 0.600000 0.002058 0.031531
 0.605000 0.002222 0.034138
 0.610000 0.002400 0.036841
 0.615000 0.002592 0.039619
 0.620000 0.002799 0.042574
 0.625000 0.003020 0.045612
 0.630000 0.003256 0.048733
 0.635000 0.003510 0.052032
 0.640000 0.003780 0.055397
 0.645000 0.004067 0.058924
 0.650000 0.004374 0.062617
 0.655000 0.004697 0.066315
 0.660000 0.005039 0.070088
 0.665000 0.005402 0.074007
 0.670000 0.005783 0.077970
 0.675000 0.006185 0.082029
 0.680000 0.006607 0.086139
 0.685000 0.007050 0.090381
 0.690000 0.007515 0.094797
 0.695000 0.008003 0.099352
 0.700000 0.008515 0.104197
 0.705000 0.009052 0.109272
 0.710000 0.009615 0.114721
 0.715000 0.010208 0.120638
 0.720000 0.010833 0.127205
 0.725000 0.011492 0.134325
 0.730000 0.012194 0.142590
 0.735000 0.012937 0.151686
 0.740000 0.013735 0.162315
 0.745000 0.014592 0.174552
 0.750000 0.015515 0.188511
 0.755000 0.016524 0.205327
 0.760000 0.017635 0.225616
 0.765000 0.018852 0.249086
 0.770000 0.020211 0.277686
 0.775000 0.021731 0.311851
 0.780000 0.023469 0.354742
 0.785000 0.025473 0.408402
 0.790000 0.027780 0.473725
 0.795000 0.030789 0.577737
 0.800000 0.034207 0.695313
 0.805000 0.038268 0.839829
 0.810000 0.043459 1.041818
 0.815000 0.053015 1.533057
 0.820000 0.061558 1.898063
 0.825000 0.072146 2.353862
 0.830000 0.085279 2.919481
 0.835000 0.101560 3.616551
 0.840000 0.121703 4.468936
 0.845000 0.146550 5.502402
 0.850000 0.177074 6.743945
 0.855000 0.214382 8.220804
 0.860000 0.259717 9.959070
 0.865000 0.314446 11.982029
 0.870000 0.380042 14.308074
 0.875000 0.458051 16.948383
 0.880000 0.550052 19.904304
 0.885000 0.657601 23.164602
 0.890000 0.782161 26.702804
 0.895000 0.925019 30.475013
 0.900000 1.087194 34.417777
 0.905000 1.269340 38.447231
 0.910000 1.471637 42.459020
 0.915000 1.693695 46.329512
 0.920000 1.934463 49.918467
 0.925000 2.192155 53.073222
 0.930000 2.464204 55.634244
 0.935000 2.747241 57.442247
 0.940000 3.037117 58.346132
 0.945000 3.328968 58.211785
 0.950000 3.617319 56.930581
 0.955000 3.896234 54.428046
 0.960000 4.159504 50.670706
 0.965000 4.400866 45.671502
 0.970000 4.614248 39.492932
 0.975000 4.794013 32.247479
 0.980000 4.935207 24.095016
 0.985000 5.033783 15.237537
 0.990000 5.086795 5.910598
 0.995000 5.092536 -3.626591
 1.000000 5.050627 -13.103285
