#! FIELDS cmap hh dhh_cmap
#! SET normalisation  99999.000000
#! SET min_cmap 0
#! SET max_cmap 1
#! SET nbins_cmap  200
#! SET periodic_cmap false
 0.000000 2.588917 7.124559
 0.005000 2.611817 2.013217
 0.010000 2.608956 -3.154209
 0.015000 2.580437 -8.224488
 0.020000 2.527121 -13.049268
 0.025000 2.450582 -17.492308
 0.030000 2.353032 -21.435838
 0.035000 2.237215 -24.785711
 0.040000 2.106277 -27.474991
 0.045000 1.963630 -29.465799
 0.050000 1.812800 -30.749406
 0.055000 1.657285 -31.344627
 0.060000 1.500430 -31.294764
 0.065000 1.345307 -30.663459
 0.070000 1.194633 -29.529715
 0.075000 1.050700 -27.982608
 0.080000 0.915340 -26.115985
 0.085000 0.789916 -24.023567
 0.090000 0.675331 -21.794611
 0.095000 0.572061 -19.510474
 0.100000 0.480200 -17.242070
 0.105000 0.399516 -15.048277
 0.110000 0.329515 -12.975314
 0.115000 0.269504 -11.056832
 0.120000 0.218652 -9.314681
 0.125000 0.176044 -7.760199
 0.130000 0.140733 -6.395803
 0.135000 0.111777 -5.216692
 0.140000 0.088274 -4.212622
 0.145000 0.069383 -3.369545
 0.150000 0.054338 -2.671117
 0.155000 0.042459 -2.099922
 0.160000 0.033156 -1.638501
 0.165000 0.025919 -1.270107
 0.170000 0.020325 -0.979238
 0.175000 0.016021 -0.751952
 0.180000 0.012720 -0.576050
 0.185000 0.009666 -0.402235
 0.190000 0.005143 -0.110507
 0.195000 0.004611 -0.098341
 0.200000 0.004124 -0.086570
 0.205000 0.003703 -0.076937
 0.210000 0.003335 -0.068717
 0.215000 0.003003 -0.061007
 0.220000 0.002710 -0.054216
 0.225000 0.002452 -0.048109
 0.230000 0.002222 -0.042463
 0.235000 0.002020 -0.037393
 0.240000 0.001841 -0.032789
 0.245000 0.001685 -0.028625
 0.250000 0.001549 -0.024957
 0.255000 0.001430 -0.021671
 0.260000 0.001327 -0.018811
 0.265000 0.001238 -0.016294
 0.270000 0.001161 -0.014118
 0.275000 0.001094 -0.012184
 0.280000 0.001036 -0.010613
 0.285000 0.000985 -0.009264
 0.290000 0.000941 -0.008130
 0.295000 0.000902 -0.007243
 0.300000 0.000866 -0.006494
 0.305000 0.000834 -0.005909
 0.310000 0.000805 -0.005486
 0.315000 0.000777 -0.005164
 0.320000 0.000752 -0.004966
 0.325000 0.000727 -0.004817
 0.330000 0.000703 -0.004735
 0.335000 0.000679 -0.004678
 0.340000 0.000655 -0.004697
 0.345000 0.000631 -0.004735
 0.350000 0.000607 -0.004810
 0.355000 0.000583 -0.004880
 0.360000 0.000558 -0.004948
 0.365000 0.000533 -0.005029
 0.370000 0.000507 -0.005118
 0.375000 0.000481 -0.005204
 0.380000 0.000455 -0.005271
 0.385000 0.000428 -0.005304
 0.390000 0.000401 -0.005314
 0.395000 0.000375 -0.005297
 0.400000 0.000348 -0.005235
 0.405000 0.000323 -0.005120
 0.410000 0.000297 -0.004955
 0.415000 0.000273 -0.004743
 0.420000 0.000250 -0.004496
 0.425000 0.000228 -0.004191
 0.430000 0.000208 -0.003864
 0.435000 0.000190 -0.003496
 0.440000 0.000173 -0.003108
 0.445000 0.000158 -0.002697
 0.450000 0.000146 -0.002288
 0.455000 0.000136 -0.001878
 0.460000 0.000127 -0.001476
 0.465000 0.000121 -0.001089
 0.470000 0.000116 -0.000709
 0.475000 0.000113 -0.000347
 0.480000 0.000112 -0.000038
 0.485000 0.000113 0.000278
 0.490000 0.000115 0.000563
 0.495000 0.000119 0.000834
 0.500000 0.000124 0.001089
 0.505000 0.000130 0.001341
 0.510000 0.000138 0.001622
 0.515000 0.000147 0.001894
 0.520000 0.000157 0.002182
 0.525000 0.000169 0.002500
 0.530000 0.000183 0.002872
 0.535000 0.000198 0.003292
 0.540000 0.000216 0.003789
 0.545000 0.000236 0.004343
 0.550000 0.000260 0.005010
 0.555000 0.000288 0.005781
 0.560000 0.000319 0.006668
 0.565000 0.000355 0.007661
 0.570000 0.000397 0.008822
 0.575000 0.000444 0.010099
 0.580000 0.000499 0.011541
 0.585000 0.000561 0.013154
 0.590000 0.000632 0.014925
 0.595000 0.000712 0.016905
 0.600000 0.000803 0.019055
 0.605000 0.000905 0.021411
 0.610000 0.001019 0.023960
 0.615000 0.001146 0.026695
 0.620000 0.001288 0.029641
 0.625000 0.001445 0.032763
 0.630000 0.001618 0.036065
 0.635000 0.001809 0.039615
 0.640000 0.002018 0.043337
 0.645000 0.002246 0.047285
 0.650000 0.002494 0.051421
 0.655000 0.002764 0.055782
 0.660000 0.003056 0.060347
 0.665000 0.003371 0.065139
 0.670000 0.003712 0.070239
 0.675000 0.004077 0.075513
 0.680000 0.004470 0.081120
 0.685000 0.004892 0.087029
 0.690000 0.005346 0.093392
 0.695000 0.005833 0.100133
 0.700000 0.006355 0.107308
 0.705000 0.006913 0.114912
 0.710000 0.007513 0.123084
 0.715000 0.008155 0.131862
 0.720000 0.008843 0.141259
 0.725000 0.009581 0.151353
 0.730000 0.010373 0.162319
 0.735000 0.011222 0.174171
 0.740000 0.012138 0.187293
 0.745000 0.013125 0.201858
 0.750000 0.014191 0.218047
 0.755000 0.015351 0.236600
 0.760000 0.016617 0.257995
 0.765000 0.017999 0.282540
 0.770000 0.019529 0.311906
 0.775000 0.021223 0.346413
 0.780000 0.023134 0.389114
 0.785000 0.025313 0.442490
 0.790000 0.027782 0.506475
 0.795000 0.030958 0.609309
 0.800000 0.034526 0.724816
 0.805000 0.038736 0.867461
 0.810000 0.044061 1.066981
 0.815000 0.053735 1.555292
 0.820000 0.062382 1.917055
 0.825000 0.073057 2.369356
 0.830000 0.086258 2.931349
 0.835000 0.102589 3.624714
 0.840000 0.122764 4.473466
 0.845000 0.147626 5.503515
 0.850000 0.178147 6.742068
 0.855000 0.215439 8.216486
 0.860000 0.260748 9.953133
 0.865000 0.315446 11.975497
 0.870000 0.381010 14.302222
 0.875000 0.458994 16.944705
 0.880000 0.550986 19.904414
 0.885000 0.658549 23.170259
 0.890000 0.783156 26.715890
 0.895000 0.926102 30.497318
 0.900000 1.088416 34.451015
 0.905000 1.270759 38.492927
 0.910000 1.473319 42.518355
 0.915000 1.695709 46.403312
 0.920000 1.936882 50.006980
 0.925000 2.195053 53.176082
 0.930000 2.467650 55.750476
 0.935000 2.751298 57.570273
 0.940000 3.041840 58.483725
 0.945000 3.334397 58.356122
 0.950000 3.623481 57.078439
 0.955000 3.903136 54.575735
 0.960000 4.167136 50.814335
 0.965000 4.409199 45.807099
 0.970000 4.623230 39.616693
 0.975000 4.803576 32.355821
 0.980000 4.945267 24.184812
 0.985000 5.044240 15.306131
 0.990000 5.097538 5.956138
 0.995000 5.103446 -3.605208
 1.000000 5.061583 -13.106418
