#! FIELDS cmap hh dhh_cmap
#! SET normalisation  99999.000000
#! SET min_cmap 0
#! SET max_cmap 1
#! SET nbins_cmap  200
#! SET periodic_cmap false
 0.000000 1.978559 5.536541
 0.005000 1.996531 1.635177
 0.010000 1.994835 -2.311466
 0.015000 1.973536 -6.186440
 0.020000 1.933280 -9.876443
 0.025000 1.875255 -13.277229
 0.030000 1.801141 -16.298674
 0.035000 1.713023 -18.868524
 0.040000 1.613296 -20.935294
 0.045000 1.504559 -22.469585
 0.050000 1.389501 -23.464268
 0.055000 1.270793 -23.933216
 0.060000 1.150991 -23.909050
 0.065000 1.032445 -23.439955
 0.070000 0.917234 -22.585889
 0.075000 0.807115 -21.414587
 0.080000 0.703498 -19.997502
 0.085000 0.607431 -18.406077
 0.090000 0.519614 -16.708416
 0.095000 0.440420 -14.966670
 0.100000 0.369930 -13.235083
 0.105000 0.307976 -11.558781
 0.110000 0.254190 -9.973235
 0.115000 0.208049 -8.504364
 0.120000 0.168924 -7.169130
 0.125000 0.136120 -5.976437
 0.130000 0.108918 -4.928392
 0.135000 0.086601 -4.021576
 0.140000 0.068479 -3.248389
 0.145000 0.053911 -2.598310
 0.150000 0.042311 -2.059022
 0.155000 0.033158 -1.617369
 0.160000 0.025997 -1.260123
 0.165000 0.020438 -0.974572
 0.170000 0.016152 -0.748911
 0.175000 0.012867 -0.572531
 0.180000 0.010360 -0.436096
 0.185000 0.008067 -0.303125
 0.190000 0.004621 -0.078055
 0.195000 0.004247 -0.068543
 0.200000 0.003905 -0.059719
 0.205000 0.003614 -0.053087
 0.210000 0.003358 -0.047789
 0.215000 0.003126 -0.043268
 0.220000 0.002915 -0.039423
 0.225000 0.002722 -0.036173
 0.230000 0.002544 -0.033311
 0.235000 0.002381 -0.030974
 0.240000 0.002229 -0.028840
 0.245000 0.002087 -0.026923
 0.250000 0.001954 -0.025178
 0.255000 0.001830 -0.023552
 0.260000 0.001715 -0.022058
 0.265000 0.001606 -0.020579
 0.270000 0.001506 -0.019162
 0.275000 0.001412 -0.017790
 0.280000 0.001326 -0.016425
 0.285000 0.001247 -0.015124
 0.290000 0.001174 -0.013813
 0.295000 0.001107 -0.012475
 0.300000 0.001047 -0.011226
 0.305000 0.000994 -0.010031
 0.310000 0.000946 -0.008872
 0.315000 0.000904 -0.007781
 0.320000 0.000868 -0.006765
 0.325000 0.000836 -0.005804
 0.330000 0.000809 -0.004944
 0.335000 0.000786 -0.004172
 0.340000 0.000767 -0.003517
 0.345000 0.000750 -0.002942
 0.350000 0.000736 -0.002491
 0.355000 0.000725 -0.002143
 0.360000 0.000715 -0.001901
 0.365000 0.000705 -0.001739
 0.370000 0.000697 -0.001678
 0.375000 0.000688 -0.001675
 0.380000 0.000680 -0.001717
 0.385000 0.000671 -0.001820
 0.390000 0.000661 -0.001906
 0.395000 0.000651 -0.002029
 0.400000 0.000640 -0.002130
 0.405000 0.000629 -0.002227
 0.410000 0.000618 -0.002268
 0.415000 0.000607 -0.002250
 0.420000 0.000596 -0.002149
 0.425000 0.000586 -0.001961
 0.430000 0.000577 -0.001679
 0.435000 0.000570 -0.001318
 0.440000 0.000564 -0.000886
 0.445000 0.000561 -0.000359
 0.450000 0.000560 0.000220
 0.455000 0.000563 0.000870
 0.460000 0.000569 0.001590
 0.465000 0.000579 0.002364
 0.470000 0.000593 0.003183
 0.475000 0.000611 0.004046
 0.480000 0.000633 0.004953
 0.485000 0.000661 0.005865
 0.490000 0.000693 0.006797
 0.495000 0.000729 0.007745
 0.500000 0.000771 0.008677
 0.505000 0.000816 0.009594
 0.510000 0.000867 0.010531
 0.515000 0.000922 0.011445
 0.520000 0.000982 0.012348
 0.525000 0.001047 0.013248
 0.530000 0.001116 0.014109
 0.535000 0.001189 0.014977
 0.540000 0.001266 0.015815
 0.545000 0.001347 0.016641
 0.550000 0.001433 0.017486
 0.555000 0.001523 0.018372
 0.560000 0.001618 0.019266
 0.565000 0.001717 0.020195
 0.570000 0.001821 0.021167
 0.575000 0.001930 0.022265
 0.580000 0.002045 0.023485
 0.585000 0.002167 0.024858
 0.590000 0.002296 0.026414
 0.595000 0.002433 0.028165
 0.600000 0.002580 0.030199
 0.605000 0.002737 0.032441
 0.610000 0.002907 0.035006
 0.615000 0.003090 0.037819
 0.620000 0.003288 0.040970
 0.625000 0.003503 0.044404
 0.630000 0.003735 0.048120
 0.635000 0.003986 0.052116
 0.640000 0.004259 0.056435
 0.645000 0.004555 0.061003
 0.650000 0.004874 0.065862
 0.655000 0.005218 0.070908
 0.660000 0.005587 0.076162
 0.665000 0.005984 0.081609
 0.670000 0.006408 0.087236
 0.675000 0.006860 0.093053
 0.680000 0.007342 0.099007
 0.685000 0.007855 0.105223
 0.690000 0.008401 0.111763
 0.695000 0.008979 0.118470
 0.700000 0.009592 0.125487
 0.705000 0.010241 0.132854
 0.710000 0.010930 0.140731
 0.715000 0.011659 0.149021
 0.720000 0.012433 0.157982
 0.725000 0.013255 0.167667
 0.730000 0.014130 0.178273
 0.735000 0.015061 0.189861
 0.740000 0.016056 0.202815
 0.745000 0.017122 0.217271
 0.750000 0.018269 0.233760
 0.755000 0.019514 0.253072
 0.760000 0.020869 0.275658
 0.765000 0.022348 0.301913
 0.770000 0.023977 0.333165
 0.775000 0.025789 0.370901
 0.780000 0.027847 0.418524
 0.785000 0.030193 0.477672
 0.790000 0.032876 0.550034
 0.795000 0.036350 0.666153
 0.800000 0.040259 0.796173
 0.805000 0.044902 0.957618
 0.810000 0.050806 1.183303
 0.815000 0.061561 1.730593
 0.820000 0.071194 2.137595
 0.825000 0.083106 2.645886
 0.830000 0.097856 3.276703
 0.835000 0.116117 4.054081
 0.840000 0.138685 5.004635
 0.845000 0.166499 6.157119
 0.850000 0.200643 7.541623
 0.855000 0.242352 9.188534
 0.860000 0.293013 11.127026
 0.865000 0.354151 13.383105
 0.870000 0.427408 15.977417
 0.875000 0.514510 18.922567
 0.880000 0.617220 22.220065
 0.885000 0.737277 25.857510
 0.890000 0.876313 29.805509
 0.895000 1.035767 34.014989
 0.900000 1.216781 38.415316
 0.905000 1.420083 42.912855
 0.910000 1.645877 47.391119
 0.915000 1.893731 51.712060
 0.920000 2.162474 55.718992
 0.925000 2.450112 59.241341
 0.930000 2.753781 62.100886
 0.935000 3.069718 64.119631
 0.940000 3.393292 65.128831
 0.945000 3.719070 64.978527
 0.950000 4.040938 63.547461
 0.955000 4.352266 60.752338
 0.960000 4.646120 56.555724
 0.965000 4.915506 50.972200
 0.970000 5.153641 44.071557
 0.975000 5.354230 35.979587
 0.980000 5.511743 26.874838
 0.985000 5.621661 16.982987
 0.990000 5.680694 6.567314
 0.995000 5.686940 -4.082629
 1.000000 5.639979 -14.664521
