#! FIELDS cmap hh dhh_cmap
#! SET normalisation  99999.000000
#! SET min_cmap 0
#! SET max_cmap 1
#! SET nbins_cmap  200
#! SET periodic_cmap false
 0.000000 0.620264 1.722049
 0.005000 0.625823 0.496169
 0.010000 0.625202 -0.743723
 0.015000 0.618424 -1.960825
 0.020000 0.605692 -3.119479
 0.025000 0.587381 -4.186921
 0.030000 0.564022 -5.134788
 0.035000 0.536271 -5.940372
 0.040000 0.504883 -6.587511
 0.045000 0.470676 -7.067004
 0.050000 0.434496 -7.376658
 0.055000 0.397185 -7.520908
 0.060000 0.359546 -7.510088
 0.065000 0.322318 -7.359431
 0.070000 0.286153 -7.087882
 0.075000 0.251605 -6.716823
 0.080000 0.219113 -6.268794
 0.085000 0.189008 -5.766325
 0.090000 0.161505 -5.230890
 0.095000 0.136721 -4.682061
 0.100000 0.114678 -4.136908
 0.105000 0.095322 -3.609615
 0.110000 0.078533 -3.111315
 0.115000 0.064147 -2.650112
 0.120000 0.051962 -2.231295
 0.125000 0.041758 -1.857601
 0.130000 0.033309 -1.529621
 0.135000 0.026388 -1.246212
 0.140000 0.020777 -1.004915
 0.145000 0.016274 -0.802358
 0.150000 0.012695 -0.634608
 0.155000 0.009877 -0.497478
 0.160000 0.007677 -0.386768
 0.165000 0.005972 -0.298449
 0.170000 0.004661 -0.228790
 0.175000 0.003659 -0.174439
 0.180000 0.002896 -0.132452
 0.185000 0.002201 -0.091734
 0.190000 0.001129 -0.020988
 0.195000 0.001027 -0.018443
 0.200000 0.000935 -0.015941
 0.205000 0.000858 -0.014093
 0.210000 0.000790 -0.012501
 0.215000 0.000730 -0.011030
 0.220000 0.000677 -0.009772
 0.225000 0.000630 -0.008628
 0.230000 0.000589 -0.007633
 0.235000 0.000552 -0.006770
 0.240000 0.000520 -0.006020
 0.245000 0.000491 -0.005393
 0.250000 0.000466 -0.004844
 0.255000 0.000442 -0.004341
 0.260000 0.000421 -0.003926
 0.265000 0.000402 -0.003588
 0.270000 0.000385 -0.003268
 0.275000 0.000369 -0.002991
 0.280000 0.000354 -0.002733
 0.285000 0.000340 -0.002518
 0.290000 0.000328 -0.002305
 0.295000 0.000317 -0.002105
 0.300000 0.000307 -0.001882
 0.305000 0.000298 -0.001630
 0.310000 0.000290 -0.001373
 0.315000 0.000284 -0.001097
 0.320000 0.000279 -0.000792
 0.325000 0.000276 -0.000486
 0.330000 0.000274 -0.000158
 0.335000 0.000274 0.000165
 0.340000 0.000276 0.000501
 0.345000 0.000279 0.000813
 0.350000 0.000284 0.001115
 0.355000 0.000290 0.001397
 0.360000 0.000298 0.001632
 0.365000 0.000307 0.001836
 0.370000 0.000316 0.001999
 0.375000 0.000327 0.002114
 0.380000 0.000337 0.002186
 0.385000 0.000348 0.002229
 0.390000 0.000360 0.002215
 0.395000 0.000371 0.002186
 0.400000 0.000382 0.002149
 0.405000 0.000393 0.002109
 0.410000 0.000403 0.002058
 0.415000 0.000414 0.002066
 0.420000 0.000425 0.002109
 0.425000 0.000436 0.002213
 0.430000 0.000449 0.002468
 0.435000 0.000463 0.002771
 0.440000 0.000477 0.003179
 0.445000 0.000495 0.003750
 0.450000 0.000515 0.004479
 0.455000 0.000540 0.005380
 0.460000 0.000569 0.006477
 0.465000 0.000605 0.007797
 0.470000 0.000648 0.009367
 0.475000 0.000699 0.011161
 0.480000 0.000761 0.013230
 0.485000 0.000832 0.015511
 0.490000 0.000917 0.018053
 0.495000 0.001014 0.020786
 0.500000 0.001125 0.023710
 0.505000 0.001251 0.026761
 0.510000 0.001394 0.029956
 0.515000 0.001552 0.033184
 0.520000 0.001726 0.036355
 0.525000 0.001916 0.039418
 0.530000 0.002121 0.042280
 0.535000 0.002340 0.044856
 0.540000 0.002570 0.047037
 0.545000 0.002810 0.048800
 0.550000 0.003058 0.050035
 0.555000 0.003311 0.050686
 0.560000 0.003566 0.050759
 0.565000 0.003819 0.050211
 0.570000 0.004068 0.049107
 0.575000 0.004311 0.047483
 0.580000 0.004544 0.045422
 0.585000 0.004766 0.043072
 0.590000 0.004977 0.040544
 0.595000 0.005173 0.037929
 0.600000 0.005358 0.035508
 0.605000 0.005532 0.033431
 0.610000 0.005696 0.031799
 0.615000 0.005853 0.030768
 0.620000 0.006008 0.030553
 0.625000 0.006163 0.031205
 0.630000 0.006324 0.032790
 0.635000 0.006496 0.035484
 0.640000 0.006685 0.039286
 0.645000 0.006895 0.044060
 0.650000 0.007132 0.049930
 0.655000 0.007400 0.056659
 0.660000 0.007705 0.064296
 0.665000 0.008049 0.072617
 0.670000 0.008437 0.081670
 0.675000 0.008873 0.091303
 0.680000 0.009358 0.101400
 0.685000 0.009893 0.111784
 0.690000 0.010482 0.122487
 0.695000 0.011124 0.133393
 0.700000 0.011824 0.144592
 0.705000 0.012580 0.156055
 0.710000 0.013394 0.167663
 0.715000 0.014267 0.179562
 0.720000 0.015203 0.191993
 0.725000 0.016202 0.204759
 0.730000 0.017271 0.218447
 0.735000 0.018413 0.233069
 0.740000 0.019634 0.248990
 0.745000 0.020942 0.266455
 0.750000 0.022343 0.285816
 0.755000 0.023864 0.308512
 0.760000 0.025516 0.335096
 0.765000 0.027306 0.365358
 0.770000 0.029283 0.402098
 0.775000 0.031469 0.446009
 0.780000 0.033929 0.500643
 0.785000 0.036734 0.569481
 0.790000 0.039925 0.653316
 0.795000 0.044066 0.790531
 0.800000 0.048728 0.945040
 0.805000 0.054239 1.136000
 0.810000 0.061274 1.406066
 0.815000 0.074266 2.073214
 0.820000 0.085817 2.566014
 0.825000 0.100133 3.183390
 0.830000 0.117902 3.951787
 0.835000 0.139952 4.901133
 0.840000 0.167270 6.064500
 0.845000 0.201013 7.477719
 0.850000 0.242525 9.178230
 0.855000 0.293336 11.203919
 0.860000 0.355166 13.591035
 0.865000 0.429903 16.372071
 0.870000 0.519586 19.572739
 0.875000 0.626356 23.208848
 0.880000 0.752403 27.282445
 0.885000 0.899884 31.778308
 0.890000 1.070830 36.660258
 0.895000 1.267030 41.867767
 0.900000 1.489904 47.313503
 0.905000 1.740369 52.881772
 0.910000 2.018686 58.428616
 0.915000 2.324334 63.783279
 0.920000 2.655875 68.752033
 0.925000 3.010858 73.123945
 0.930000 3.385750 76.678523
 0.935000 3.775911 79.195626
 0.940000 4.175625 80.466291
 0.945000 4.578183 80.304875
 0.950000 4.976031 78.561158
 0.955000 5.360979 75.131730
 0.960000 5.724455 69.969815
 0.965000 6.057812 63.092986
 0.970000 6.352661 54.587039
 0.975000 6.601217 44.606757
 0.980000 6.796632 33.372490
 0.985000 6.933310 21.162718
 0.990000 7.007169 8.302478
 0.995000 7.015842 -4.850609
 1.000000 6.958794 -17.922931
