#! FIELDS cmap hh dhh_cmap
#! SET normalisation  99999.000000
#! SET min_cmap 0
#! SET max_cmap 1
#! SET nbins_cmap  200
#! SET periodic_cmap false
 0.000000 1.474028 4.094796
 0.005000 1.487262 1.186085
 0.010000 1.485833 -1.755717
 0.015000 1.469795 -4.643447
 0.020000 1.439630 -7.392638
 0.025000 1.396230 -9.925699
 0.030000 1.340846 -12.175476
 0.035000 1.275038 -14.088217
 0.040000 1.200591 -15.625644
 0.045000 1.119444 -16.765962
 0.050000 1.033603 -17.503972
 0.055000 0.945058 -17.850126
 0.060000 0.855714 -17.828833
 0.065000 0.767323 -17.476077
 0.070000 0.681432 -16.836635
 0.075000 0.599350 -15.961026
 0.080000 0.522126 -14.902553
 0.085000 0.450541 -13.714451
 0.090000 0.385113 -12.447490
 0.095000 0.326120 -11.147986
 0.100000 0.273620 -9.856337
 0.105000 0.227487 -8.606137
 0.110000 0.187445 -7.423807
 0.115000 0.153103 -6.328625
 0.120000 0.123992 -5.333184
 0.125000 0.099594 -4.444100
 0.130000 0.079371 -3.662905
 0.135000 0.062789 -2.987027
 0.140000 0.049335 -2.410775
 0.145000 0.038529 -1.926294
 0.150000 0.029934 -1.524393
 0.155000 0.023164 -1.195251
 0.160000 0.017877 -0.928995
 0.165000 0.013785 -0.716152
 0.170000 0.010641 -0.547924
 0.175000 0.008244 -0.416390
 0.180000 0.006428 -0.314599
 0.185000 0.004768 -0.215102
 0.190000 0.002257 -0.047492
 0.195000 0.002031 -0.040272
 0.200000 0.001832 -0.033566
 0.205000 0.001671 -0.028457
 0.210000 0.001536 -0.024384
 0.215000 0.001418 -0.020810
 0.220000 0.001319 -0.017961
 0.225000 0.001233 -0.015574
 0.230000 0.001158 -0.013544
 0.235000 0.001093 -0.011925
 0.240000 0.001035 -0.010527
 0.245000 0.000984 -0.009373
 0.250000 0.000937 -0.008385
 0.255000 0.000895 -0.007602
 0.260000 0.000858 -0.007046
 0.265000 0.000823 -0.006527
 0.270000 0.000791 -0.006110
 0.275000 0.000761 -0.005793
 0.280000 0.000732 -0.005492
 0.285000 0.000705 -0.005246
 0.290000 0.000679 -0.005010
 0.295000 0.000654 -0.004781
 0.300000 0.000630 -0.004592
 0.305000 0.000607 -0.004408
 0.310000 0.000585 -0.004210
 0.315000 0.000564 -0.004032
 0.320000 0.000545 -0.003863
 0.325000 0.000526 -0.003684
 0.330000 0.000508 -0.003473
 0.335000 0.000491 -0.003266
 0.340000 0.000475 -0.003046
 0.345000 0.000460 -0.002822
 0.350000 0.000447 -0.002577
 0.355000 0.000434 -0.002321
 0.360000 0.000423 -0.002064
 0.365000 0.000414 -0.001790
 0.370000 0.000405 -0.001510
 0.375000 0.000398 -0.001228
 0.380000 0.000393 -0.000958
 0.385000 0.000388 -0.000675
 0.390000 0.000386 -0.000422
 0.395000 0.000384 -0.000175
 0.400000 0.000384 0.000058
 0.405000 0.000385 0.000271
 0.410000 0.000387 0.000465
 0.415000 0.000389 0.000627
 0.420000 0.000393 0.000767
 0.425000 0.000397 0.000883
 0.430000 0.000402 0.001002
 0.435000 0.000407 0.001077
 0.440000 0.000412 0.001141
 0.445000 0.000418 0.001178
 0.450000 0.000424 0.001205
 0.455000 0.000430 0.001217
 0.460000 0.000436 0.001205
 0.465000 0.000442 0.001189
 0.470000 0.000448 0.001182
 0.475000 0.000454 0.001141
 0.480000 0.000460 0.001091
 0.485000 0.000465 0.001040
 0.490000 0.000470 0.000994
 0.495000 0.000475 0.000944
 0.500000 0.000480 0.000907
 0.505000 0.000485 0.000908
 0.510000 0.000489 0.000923
 0.515000 0.000495 0.000992
 0.520000 0.000500 0.001110
 0.525000 0.000507 0.001302
 0.530000 0.000514 0.001563
 0.535000 0.000523 0.001934
 0.540000 0.000534 0.002397
 0.545000 0.000549 0.003022
 0.550000 0.000566 0.003790
 0.555000 0.000588 0.004741
 0.560000 0.000615 0.005853
 0.565000 0.000648 0.007182
 0.570000 0.000688 0.008773
 0.575000 0.000737 0.010605
 0.580000 0.000796 0.012713
 0.585000 0.000866 0.015106
 0.590000 0.000949 0.017808
 0.595000 0.001047 0.020847
 0.600000 0.001159 0.024191
 0.605000 0.001291 0.027953
 0.610000 0.001442 0.032024
 0.615000 0.001614 0.036466
 0.620000 0.001809 0.041221
 0.625000 0.002029 0.046265
 0.630000 0.002274 0.051582
 0.635000 0.002547 0.057118
 0.640000 0.002849 0.062911
 0.645000 0.003179 0.068833
 0.650000 0.003540 0.074841
 0.655000 0.003931 0.080876
 0.660000 0.004352 0.086919
 0.665000 0.004804 0.092897
 0.670000 0.005286 0.098864
 0.675000 0.005797 0.104705
 0.680000 0.006337 0.110360
 0.685000 0.006906 0.115998
 0.690000 0.007502 0.121493
 0.695000 0.008126 0.126911
 0.700000 0.008777 0.132373
 0.705000 0.009457 0.137930
 0.710000 0.010164 0.143610
 0.715000 0.010904 0.149786
 0.720000 0.011675 0.156344
 0.725000 0.012483 0.163598
 0.730000 0.013330 0.171794
 0.735000 0.014222 0.180992
 0.740000 0.015167 0.191785
 0.745000 0.016178 0.204709
 0.750000 0.017259 0.219764
 0.755000 0.018435 0.238298
 0.760000 0.019715 0.260488
 0.765000 0.021121 0.287019
 0.770000 0.022691 0.319976
 0.775000 0.024452 0.360236
 0.780000 0.026462 0.410541
 0.785000 0.028795 0.474663
 0.790000 0.031495 0.553524
 0.795000 0.035037 0.678987
 0.800000 0.039064 0.820655
 0.805000 0.043888 0.996593
 0.810000 0.050088 1.242773
 0.815000 0.061568 1.838878
 0.820000 0.071830 2.282675
 0.825000 0.084578 2.837003
 0.830000 0.100423 3.525085
 0.835000 0.120095 4.373200
 0.840000 0.144469 5.410398
 0.845000 0.174567 6.668126
 0.850000 0.211573 8.179298
 0.855000 0.256837 9.977099
 0.860000 0.311874 12.093348
 0.865000 0.378349 14.556463
 0.870000 0.458054 17.388898
 0.875000 0.552876 20.604232
 0.880000 0.664737 24.204112
 0.885000 0.795535 28.174767
 0.890000 0.947049 32.483956
 0.895000 1.120849 37.078011
 0.900000 1.318175 41.879629
 0.905000 1.539821 46.786502
 0.910000 1.786004 51.671498
 0.915000 2.056248 56.383887
 0.920000 2.349269 60.752846
 0.925000 2.662893 64.592359
 0.930000 2.993986 67.708301
 0.935000 3.338444 69.906812
 0.940000 3.691215 71.004070
 0.945000 4.046374 70.836964
 0.950000 4.397253 69.273679
 0.955000 4.736628 66.223786
 0.960000 5.056941 61.646901
 0.965000 5.350574 55.559119
 0.970000 5.610136 48.037035
 0.975000 5.828775 39.217718
 0.980000 6.000469 29.296086
 0.985000 6.120303 18.517958
 0.990000 6.184695 7.170307
 0.995000 6.191579 -4.431411
 1.000000 6.140503 -15.958036
