#! FIELDS cmap hh dhh_cmap
#! SET normalisation  99999.000000
#! SET min_cmap 0
#! SET max_cmap 1
#! SET nbins_cmap  200
#! SET periodic_cmap false
 0.000000 1.064006 2.973760
 0.005000 1.073650 0.874459
 0.010000 1.072711 -1.249099
 0.015000 1.061224 -3.333937
 0.020000 1.039538 -5.319054
 0.025000 1.008294 -7.148321
 0.030000 0.968396 -8.773200
 0.035000 0.920968 -10.154815
 0.040000 0.867300 -11.265436
 0.045000 0.808793 -12.089278
 0.050000 0.746893 -12.622557
 0.055000 0.683039 -12.872793
 0.060000 0.618608 -12.857602
 0.065000 0.554863 -12.603000
 0.070000 0.492923 -12.141340
 0.075000 0.433734 -11.509153
 0.080000 0.378051 -10.744972
 0.085000 0.326440 -9.887299
 0.090000 0.279273 -8.972840
 0.095000 0.236750 -8.035072
 0.100000 0.198912 -7.103193
 0.105000 0.165668 -6.201483
 0.110000 0.136815 -5.349014
 0.115000 0.112072 -4.559689
 0.120000 0.091098 -3.842574
 0.125000 0.073518 -3.202407
 0.130000 0.058943 -2.640249
 0.135000 0.046988 -2.154195
 0.140000 0.037281 -1.740094
 0.145000 0.029477 -1.392218
 0.150000 0.023260 -1.103901
 0.155000 0.018351 -0.868019
 0.160000 0.014504 -0.677422
 0.165000 0.011512 -0.525234
 0.170000 0.009199 -0.405117
 0.175000 0.007417 -0.311338
 0.180000 0.006050 -0.238878
 0.185000 0.004796 -0.168357
 0.190000 0.002911 -0.047584
 0.195000 0.002681 -0.042973
 0.200000 0.002463 -0.038353
 0.205000 0.002276 -0.035099
 0.210000 0.002105 -0.032323
 0.215000 0.001947 -0.029830
 0.220000 0.001801 -0.027610
 0.225000 0.001666 -0.025608
 0.230000 0.001542 -0.023818
 0.235000 0.001426 -0.022135
 0.240000 0.001318 -0.020493
 0.245000 0.001218 -0.018923
 0.250000 0.001126 -0.017449
 0.255000 0.001042 -0.015994
 0.260000 0.000965 -0.014619
 0.265000 0.000894 -0.013265
 0.270000 0.000830 -0.011922
 0.275000 0.000773 -0.010656
 0.280000 0.000722 -0.009486
 0.285000 0.000677 -0.008349
 0.290000 0.000637 -0.007378
 0.295000 0.000602 -0.006446
 0.300000 0.000572 -0.005643
 0.305000 0.000545 -0.004930
 0.310000 0.000521 -0.004351
 0.315000 0.000501 -0.003885
 0.320000 0.000482 -0.003524
 0.325000 0.000465 -0.003242
 0.330000 0.000449 -0.003043
 0.335000 0.000434 -0.002942
 0.340000 0.000419 -0.002907
 0.345000 0.000404 -0.002928
 0.350000 0.000390 -0.002998
 0.355000 0.000374 -0.003083
 0.360000 0.000359 -0.003188
 0.365000 0.000342 -0.003282
 0.370000 0.000325 -0.003401
 0.375000 0.000308 -0.003499
 0.380000 0.000290 -0.003571
 0.385000 0.000272 -0.003627
 0.390000 0.000254 -0.003623
 0.395000 0.000235 -0.003596
 0.400000 0.000218 -0.003537
 0.405000 0.000200 -0.003426
 0.410000 0.000183 -0.003268
 0.415000 0.000167 -0.003086
 0.420000 0.000153 -0.002839
 0.425000 0.000139 -0.002562
 0.430000 0.000127 -0.002259
 0.435000 0.000116 -0.001922
 0.440000 0.000108 -0.001555
 0.445000 0.000101 -0.001154
 0.450000 0.000096 -0.000727
 0.455000 0.000094 -0.000278
 0.460000 0.000094 0.000205
 0.465000 0.000097 0.000731
 0.470000 0.000102 0.001266
 0.475000 0.000109 0.001790
 0.480000 0.000120 0.002328
 0.485000 0.000133 0.002907
 0.490000 0.000149 0.003487
 0.495000 0.000168 0.004100
 0.500000 0.000190 0.004720
 0.505000 0.000216 0.005392
 0.510000 0.000245 0.006115
 0.515000 0.000278 0.006861
 0.520000 0.000315 0.007658
 0.525000 0.000355 0.008511
 0.530000 0.000401 0.009514
 0.535000 0.000452 0.010553
 0.540000 0.000508 0.011709
 0.545000 0.000570 0.012991
 0.550000 0.000639 0.014433
 0.555000 0.000716 0.016032
 0.560000 0.000801 0.017797
 0.565000 0.000896 0.019771
 0.570000 0.001000 0.021897
 0.575000 0.001116 0.024278
 0.580000 0.001245 0.026871
 0.585000 0.001387 0.029697
 0.590000 0.001544 0.032720
 0.595000 0.001717 0.036036
 0.600000 0.001907 0.039534
 0.605000 0.002114 0.043224
 0.610000 0.002341 0.047163
 0.615000 0.002589 0.051319
 0.620000 0.002857 0.055644
 0.625000 0.003148 0.060196
 0.630000 0.003462 0.064901
 0.635000 0.003801 0.069813
 0.640000 0.004165 0.074920
 0.645000 0.004555 0.080103
 0.650000 0.004970 0.085433
 0.655000 0.005413 0.090853
 0.660000 0.005883 0.096403
 0.665000 0.006381 0.102034
 0.670000 0.006909 0.107788
 0.675000 0.007465 0.113702
 0.680000 0.008052 0.119700
 0.685000 0.008668 0.125865
 0.690000 0.009317 0.132236
 0.695000 0.009998 0.138853
 0.700000 0.010713 0.145785
 0.705000 0.011465 0.153212
 0.710000 0.012256 0.161114
 0.715000 0.013087 0.169585
 0.720000 0.013964 0.178812
 0.725000 0.014889 0.188905
 0.730000 0.015873 0.200270
 0.735000 0.016916 0.212831
 0.740000 0.018032 0.227219
 0.745000 0.019226 0.243494
 0.750000 0.020512 0.262129
 0.755000 0.021907 0.284003
 0.760000 0.023429 0.309691
 0.765000 0.025088 0.339286
 0.770000 0.026927 0.374992
 0.775000 0.028974 0.417930
 0.780000 0.031295 0.471480
 0.785000 0.033948 0.538462
 0.790000 0.036979 0.619862
 0.795000 0.040896 0.750106
 0.800000 0.045321 0.897379
 0.805000 0.050549 1.078576
 0.810000 0.057218 1.334054
 0.815000 0.069476 1.961359
 0.820000 0.080400 2.425681
 0.825000 0.093927 3.007017
 0.830000 0.110705 3.730251
 0.835000 0.131512 4.623513
 0.840000 0.157275 5.717993
 0.845000 0.189084 7.047393
 0.850000 0.228199 8.647008
 0.855000 0.276063 10.552330
 0.860000 0.334288 12.797508
 0.865000 0.404655 15.412925
 0.870000 0.489075 18.422682
 0.875000 0.589562 21.841343
 0.880000 0.708172 25.670636
 0.885000 0.846929 29.895983
 0.890000 1.007735 34.482989
 0.895000 1.192266 39.374508
 0.900000 1.401849 44.487944
 0.905000 1.637334 49.714355
 0.910000 1.898955 54.918117
 0.915000 2.186209 59.938670
 0.920000 2.497732 64.593895
 0.925000 2.831207 68.685670
 0.930000 3.183303 72.007184
 0.935000 3.549649 74.351898
 0.940000 3.924865 75.524274
 0.945000 4.302644 75.350624
 0.950000 4.675889 73.690700
 0.955000 5.036908 70.448305
 0.960000 5.377657 65.580684
 0.965000 5.690028 59.105027
 0.970000 5.966157 51.102928
 0.975000 6.198751 41.720632
 0.980000 6.381402 31.165571
 0.985000 6.508882 19.699466
 0.990000 6.577382 7.627877
 0.995000 6.584706 -4.713681
 1.000000 6.530375 -16.974825
